,date,game_key,이승현,김현우,김대우,심창민,임현준,황수범,안성무,윤대경,안규현,이수민,구준범,이케빈,최충연,김승현,임대한,최지광,레나도,페트릭,장지훈,김시현,신용운,우규민,윤성환,박근홍,장원삼,김기태,백정현,장필준,정인욱,박민규,김동호,권오준
0,2017-03-31,20170331HTSS0,"[0, 0, 0, 0, 0, 0]","[0, 0, 0, 0, 0, 0]","[0, 1, 0, 0, 0, 0]","[0, 0, 0, 0, 0, 0]","[0, 0, 0, 0, 0, 0]","[0, 0, 0, 0, 0, 0]","[0, 0, 0, 0, 0, 0]","[0, 0, 0, 0, 0, 0]","[0, 0, 0, 0, 0, 0]","[0, 0, 0, 0, 0, 0]","[0, 0, 0, 0, 0, 0]","[0, 0, 0, 0, 0, 0]","[0, 0, 0, 0, 0, 0]","[0, 1, 0, 0, 0, 0]","[0, 0, 0, 0, 0, 0]","[0, 0, 0, 0, 0, 0]","[0, 0, 0, 0, 0, 0]","[1, 0, 0, 0, 0, 0]","[0, 1, 0, 0, 0, 0]","[0, 0, 0, 0, 0, 0]","[0, 0, 0, 0, 0, 0]","[0, 0, 0, 0, 0, 0]","[0, 0, 0, 0, 0, 0]","[0, 1, 0, 0, 0, 0]","[0, 0, 0, 0, 0, 0]","[0, 0, 0, 0, 0, 0]","[0, 1, 0, 0, 0, 0]","[0, 0, 0, 0, 0, 0]","[0, 0, 0, 0, 0, 0]","[0, 0, 0, 0, 0, 0]","[0, 0, 0, 0, 0, 0]","[0, 0, 0, 0, 0, 0]"
1,2017-04-01,20170401HTSS0,"[0, 1, 0, 0, 0, 0]","[0, 0, 0, 0, 0, 0]","[0, 0, 0, 0, 0, 0]","[0, 1, 0, 0, 0, 0]","[0, 0, 0, 0, 0, 0]","[0, 0, 0, 0, 0, 0]","[0, 0, 0, 0, 0, 0]","[0, 0, 0, 0, 0, 0]","[0, 0, 0, 0, 0, 0]","[0, 0, 0, 0, 0, 0]","[0, 0, 0, 0, 0, 0]","[0, 0, 0, 0, 0, 0]","[0, 0, 0, 0, 0, 0]","[0, 0, 0, 0, 0, 0]","[0, 0, 0, 0, 0, 0]","[0, 0, 0, 0, 0, 0]","[0, 0, 0, 0, 0, 0]","[0, 0, 0, 0, 0, 0]","[0, 0, 0, 0, 0, 0]","[0, 0, 0, 0, 0, 0]","[0, 0, 0, 0, 0, 0]","[1, 0, 0, 0, 0, 0]","[0, 0, 0, 0, 0, 0]","[0, 1, 9.0, 2.0, 1.0, 1.0]","[0, 0, 0, 0, 0, 0]","[0, 0, 0, 0, 0, 0]","[0, 0, 0, 0, 0, 0]","[0, 0, 0, 0, 0, 0]","[0, 0, 0, 0, 0, 0]","[0, 0, 0, 0, 0, 0]","[0, 0, 0, 0, 0, 0]","[0, 1, 0, 0, 0, 0]"
2,2017-04-02,20170402HTSS0,"[0, 0, 0, 0, 0, 0]","[0, 0, 0, 0, 0, 0]","[0, 0, 0, 0, 0, 0]","[0, 0, 0, 0, 0, 0]","[0, 0, 0, 0, 0, 0]","[0, 0, 0, 0, 0, 0]","[0, 0, 0, 0, 0, 0]","[0, 0, 0, 0, 0, 0]","[0, 0, 0, 0, 0, 0]","[0, 0, 0, 0, 0, 0]","[0, 0, 0, 0, 0, 0]","[0, 0, 0, 0, 0, 0]","[0, 0, 0, 0, 0, 0]","[0, 1, 54.0, 12.0, 0.0, 0.3333333333333333]","[0, 0, 0, 0, 0, 0]","[0, 0, 0, 0, 0, 0]","[0, 0, 0, 0, 0, 0]","[0, 0, 0, 0, 0, 0]","[0, 1, 0.0, 3.0, 1.0, 0.3333333333333333]","[0, 0, 0, 0, 0, 0]","[0, 0, 0, 0, 0, 0]","[0, 0, 0, 0, 0, 0]","[1, 0, 0, 0, 0, 0]","[0, 0, 9.0, 2.0, 1.0, 1.0]","[0, 0, 0, 0, 0, 0]","[0, 0, 0, 0, 0, 0]","[0, 0, 0, 0, 0, 0]","[0, 0, 0, 0, 0, 0]","[0, 0, 0, 0, 0, 0]","[0, 0, 0, 0, 0, 0]","[0, 0, 0, 0, 0, 0]","[0, 0, 0, 0, 0, 0]"
3,2017-04-04,20170404SSLG0,"[0, 1, 9.0, 3.0, 0.0, 1.0]","[0, 0, 0, 0, 0, 0]","[0, 1, 0.0, 0.0, 1, 0.6666666666666666]","[0, 0, 0, 0, 0, 0]","[0, 0, 0, 0, 0, 0]","[0, 0, 0, 0, 0, 0]","[0, 0, 0, 0, 0, 0]","[0, 0, 0, 0, 0, 0]","[0, 0, 0, 0, 0, 0]","[0, 0, 0, 0, 0, 0]","[0, 0, 0, 0, 0, 0]","[0, 0, 0, 0, 0, 0]","[0, 0, 0, 0, 0, 0]","[0, 0, 54.0, 12.0, 0.0, 0.3333333333333333]","[0, 0, 0, 0, 0, 0]","[0, 0, 0, 0, 0, 0]","[0, 0, 0, 0, 0, 0]","[0, 0, 0, 0, 0, 0]","[0, 1, 0.0, 0.75, 4.0, 0.6666666666666666]","[0, 0, 0, 0, 0, 0]","[0, 0, 0, 0, 0, 0]","[0, 0, 0, 0, 0, 0]","[0, 0, 0, 0, 0, 0]","[0, 0, 9.0, 2.0, 1.0, 1.0]","[1, 0, 0, 0, 0, 0]","[0, 0, 0, 0, 0, 0]","[0, 1, 54.0, 6.0, 0.0, 0.3333333333333333]","[0, 0, 0, 0, 0, 0]","[0, 0, 0, 0, 0, 0]","[0, 0, 0, 0, 0, 0]","[0, 0, 0, 0, 0, 0]","[0, 1, 0.0, 1.0, 0, 1.0]"
4,2017-04-06,20170406SSLG0,"[0, 1, 4.5, 1.5, 1.0, 1.0]","[0, 0, 0, 0, 0, 0]","[0, 0, 0.0, 0.0, 1, 0.6666666666666666]","[0, 1, 18.0, 5.0, 2.0, 1.0]","[0, 0, 0, 0, 0, 0]","[0, 0, 0, 0, 0, 0]","[0, 0, 0, 0, 0, 0]","[0, 0, 0, 0, 0, 0]","[0, 0, 0, 0, 0, 0]","[0, 0, 0, 0, 0, 0]","[0, 0, 0, 0, 0, 0]","[0, 0, 0, 0, 0, 0]","[0, 0, 0, 0, 0, 0]","[0, 1, 7.7142857142857135, 3.0, 1.5, 1.1666666666666667]","[0, 0, 0, 0, 0, 0]","[0, 0, 0, 0, 0, 0]","[0, 0, 0, 0, 0, 0]","[1, 0, 1.4210526315789473, 0.9473684210526316, 1.0, 6.333333333333333]","[0, 0, 0.0, 0.75, 4.0, 0.6666666666666666]","[0, 0, 0, 0, 0, 0]","[0, 0, 0, 0, 0, 0]","[0, 0, 0, 0, 0, 0]","[0, 0, 0, 0, 0, 0]","[0, 1, 5.4, 1.2, 1.0, 0.8333333333333334]","[0, 0, 0, 0, 0, 0]","[0, 0, 0, 0, 0, 0]","[0, 0, 54.0, 6.0, 0.0, 0.3333333333333333]","[0, 0, 0, 0, 0, 0]","[0, 0, 0, 0, 0, 0]","[0, 0, 0, 0, 0, 0]","[0, 0, 0, 0, 0, 0]","[0, 0, 0.0, 1.0, 0, 1.0]"
5,2017-04-07,20170407SSKT0,"[0, 0, 4.5, 1.5, 1.0, 1.0]","[0, 0, 0, 0, 0, 0]","[0, 0, 0.0, 0.0, 1, 0.6666666666666666]","[0, 0, 18.0, 5.0, 2.0, 1.0]","[0, 0, 0, 0, 0, 0]","[0, 0, 0, 0, 0, 0]","[0, 0, 0, 0, 0, 0]","[0, 0, 0, 0, 0, 0]","[0, 0, 0, 0, 0, 0]","[0, 0, 0, 0, 0, 0]","[0, 0, 0, 0, 0, 0]","[0, 0, 0, 0, 0, 0]","[0, 0, 0, 0, 0, 0]","[0, 1, 4.909090909090909, 1.9090909090909092, 2.0, 1.222222222222222]","[0, 0, 0, 0, 0, 0]","[0, 0, 0, 0, 0, 0]","[0, 0, 0, 0, 0, 0]","[0, 0, 1.4210526315789473, 0.9473684210526316, 1.0, 6.333333333333333]","[0, 1, 0.0, 0.8571428571428571, 5.0, 0.7777777777777778]","[0, 0, 0, 0, 0, 0]","[0, 0, 0, 0, 0, 0]","[1, 0, 5.684210526315789, 1.2631578947368423, 7, 6.333333333333333]","[0, 0, 0, 0, 0, 0]","[0, 0, 5.4, 1.2, 1.0, 0.8333333333333334]","[0, 0, 0, 0, 0, 0]","[0, 0, 0, 0, 0, 0]","[0, 1, 13.5, 3.0, 0.0, 0.6666666666666666]","[0, 0, 0, 0, 0, 0]","[0, 0, 0, 0, 0, 0]","[0, 0, 0, 0, 0, 0]","[0, 0, 0, 0, 0, 0]","[0, 1, 0.0, 1.5, 0, 1.0]"
6,2017-04-08,20170408SSKT0,"[0, 0, 4.5, 1.5, 1.0, 1.0]","[0, 0, 0, 0, 0, 0]","[0, 0, 0.0, 0.0, 1, 0.6666666666666666]","[0, 0, 18.0, 5.0, 2.0, 1.0]","[0, 0, 0, 0, 0, 0]","[0, 0, 0, 0, 0, 0]","[0, 0, 0, 0, 0, 0]","[0, 0, 0, 0, 0, 0]","[0, 0, 0, 0, 0, 0]","[0, 0, 0, 0, 0, 0]","[0, 0, 0, 0, 0, 0]","[0, 0, 0, 0, 0, 0]","[0, 0, 0, 0, 0, 0]","[0, 0, 4.909090909090909, 1.9090909090909092, 2.0, 1.222222222222222]","[0, 0, 0, 0, 0, 0]","[0, 0, 0, 0, 0, 0]","[0, 0, 0, 0, 0, 0]","[0, 0, 1.4210526315789473, 0.9473684210526316, 1.0, 6.333333333333333]","[0, 0, 0.0, 0.8571428571428571, 5.0, 0.7777777777777778]","[0, 0, 0, 0, 0, 0]","[0, 0, 0, 0, 0, 0]","[0, 0, 5.684210526315789, 1.2631578947368423, 7, 6.333333333333333]","[1, 0, 3.0, 1.5, 3.0, 6.0]","[0, 0, 5.4, 1.2, 1.0, 0.8333333333333334]","[0, 0, 0, 0, 0, 0]","[0, 0, 0, 0, 0, 0]","[0, 0, 13.5, 3.0, 0.0, 0.6666666666666666]","[0, 0, 0, 0, 0, 0]","[0, 0, 0, 0, 0, 0]","[0, 0, 0, 0, 0, 0]","[0, 0, 0, 0, 0, 0]","[0, 0, 0.0, 1.5, 0, 1.0]"
7,2017-04-09,20170409SSKT0,"[0, 0, 4.5, 1.5, 1.0, 1.0]","[0, 0, 0, 0, 0, 0]","[0, 1, 10.8, 1.2, 1.0, 0.8333333333333334]","[0, 1, 13.5, 3.75, 3.0, 0.6666666666666666]","[0, 0, 0, 0, 0, 0]","[0, 0, 0, 0, 0, 0]","[0, 0, 0, 0, 0, 0]","[0, 0, 0, 0, 0, 0]","[0, 0, 0, 0, 0, 0]","[0, 0, 0, 0, 0, 0]","[0, 0, 0, 0, 0, 0]","[0, 0, 0, 0, 0, 0]","[1, 0, 0, 0, 0, 0]","[0, 0, 4.909090909090909, 1.9090909090909092, 2.0, 1.222222222222222]","[0, 0, 0, 0, 0, 0]","[0, 0, 0, 0, 0, 0]","[0, 0, 0, 0, 0, 0]","[0, 0, 1.4210526315789473, 0.9473684210526316, 1.0, 6.333333333333333]","[0, 0, 0.0, 0.8571428571428571, 5.0, 0.7777777777777778]","[0, 0, 0, 0, 0, 0]","[0, 0, 0, 0, 0, 0]","[0, 0, 5.684210526315789, 1.2631578947368423, 7, 6.333333333333333]","[0, 0, 3.0, 1.5, 3.0, 6.0]","[0, 1, 4.5, 2.0, 0.5, 0.6666666666666666]","[0, 0, 0, 0, 0, 0]","[0, 0, 0, 0, 0, 0]","[0, 1, 9.0, 2.0, 0.6666666666666666, 0.6666666666666666]","[0, 0, 0, 0, 0, 0]","[0, 0, 0, 0, 0, 0]","[0, 0, 0, 0, 0, 0]","[0, 0, 0, 0, 0, 0]","[0, 0, 0.0, 1.5, 0, 1.0]"
8,2017-04-11,20170411HHSS0,"[0, 1, 3.375, 1.5, 1.0, 0.8888888888888888]","[0, 0, 0, 0, 0, 0]","[0, 1, 9.0, 1.0, 1.0, 0.6666666666666666]","[0, 1, 7.7142857142857135, 2.142857142857143, 3.0, 0.7777777777777778]","[0, 0, 0, 0, 0, 0]","[0, 0, 0, 0, 0, 0]","[0, 0, 0, 0, 0, 0]","[0, 0, 0, 0, 0, 0]","[0, 0, 0, 0, 0, 0]","[0, 0, 0, 0, 0, 0]","[0, 0, 0, 0, 0, 0]","[0, 0, 0, 0, 0, 0]","[0, 0, 0, 0, 0, 0]","[0, 1, 6.230769230769231, 2.307692307692308, 1.0, 1.0833333333333333]","[0, 0, 0, 0, 0, 0]","[0, 0, 0, 0, 0, 0]","[0, 0, 0, 0, 0, 0]","[0, 0, 1.4210526315789473, 0.9473684210526316, 1.0, 6.333333333333333]","[0, 0, 0.0, 0.8571428571428571, 5.0, 0.7777777777777778]","[0, 0, 0, 0, 0, 0]","[0, 0, 0, 0, 0, 0]","[0, 0, 5.684210526315789, 1.2631578947368423, 7, 6.333333333333333]","[0, 0, 3.0, 1.5, 3.0, 6.0]","[0, 0, 4.5, 2.0, 0.5, 0.6666666666666666]","[1, 0, 12.0, 3.6666666666666665, 2, 3.0]","[0, 0, 0, 0, 0, 0]","[0, 1, 10.125, 2.625, 0.5, 0.6666666666666666]","[0, 0, 0, 0, 0, 0]","[0, 0, 0, 0, 0, 0]","[0, 0, 0, 0, 0, 0]","[0, 0, 0, 0, 0, 0]","[0, 0, 0.0, 1.5, 0, 1.0]"
9,2017-04-12,20170412HHSS0,"[0, 0, 3.375, 1.5, 1.0, 0.8888888888888888]","[0, 0, 0, 0, 0, 0]","[0, 0, 9.0, 1.0, 1.0, 0.6666666666666666]","[0, 0, 7.7142857142857135, 2.142857142857143, 3.0, 0.7777777777777778]","[0, 0, 0, 0, 0, 0]","[0, 0, 0, 0, 0, 0]","[0, 0, 0, 0, 0, 0]","[0, 0, 0, 0, 0, 0]","[0, 0, 0, 0, 0, 0]","[0, 0, 0, 0, 0, 0]","[0, 0, 0, 0, 0, 0]","[0, 0, 0, 0, 0, 0]","[0, 0, 0, 0, 0, 0]","[0, 0, 6.230769230769231, 2.307692307692308, 1.0, 1.0833333333333333]","[0, 0, 0, 0, 0, 0]","[0, 0, 0, 0, 0, 0]","[0, 0, 0, 0, 0, 0]","[1, 0, 3.0857142857142854, 1.2, 1.6666666666666667, 5.833333333333333]","[0, 0, 0.0, 0.8571428571428571, 5.0, 0.7777777777777778]","[0, 0, 0, 0, 0, 0]","[0, 0, 0, 0, 0, 0]","[0, 0, 5.684210526315789, 1.2631578947368423, 7, 6.333333333333333]","[0, 0, 3.0, 1.5, 3.0, 6.0]","[0, 1, 3.0, 1.3333333333333333, 1.0, 0.75]","[0, 0, 12.0, 3.6666666666666665, 2, 3.0]","[0, 0, 0, 0, 0, 0]","[0, 0, 10.125, 2.625, 0.5, 0.6666666666666666]","[0, 0, 0, 0, 0, 0]","[0, 0, 0, 0, 0, 0]","[0, 0, 0, 0, 0, 0]","[0, 0, 0, 0, 0, 0]","[0, 1, 0.0, 1.2857142857142856, 0, 0.7777777777777778]"
10,2017-04-13,20170413HHSS0,"[0, 0, 3.375, 1.5, 1.0, 0.8888888888888888]","[0, 0, 0, 0, 0, 0]","[0, 0, 9.0, 1.0, 1.0, 0.6666666666666666]","[0, 1, 10.384615384615385, 2.076923076923077, 1.6666666666666667, 1.0833333333333333]","[0, 0, 0, 0, 0, 0]","[0, 0, 0, 0, 0, 0]","[0, 0, 0, 0, 0, 0]","[0, 0, 0, 0, 0, 0]","[0, 0, 0, 0, 0, 0]","[0, 0, 0, 0, 0, 0]","[0, 0, 0, 0, 0, 0]","[0, 0, 0, 0, 0, 0]","[0, 0, 0, 0, 0, 0]","[0, 0, 6.230769230769231, 2.307692307692308, 1.0, 1.0833333333333333]","[0, 0, 0, 0, 0, 0]","[0, 0, 0, 0, 0, 0]","[0, 0, 0, 0, 0, 0]","[0, 0, 3.0857142857142854, 1.2, 1.6666666666666667, 5.833333333333333]","[0, 0, 0.0, 0.8571428571428571, 5.0, 0.7777777777777778]","[0, 0, 0, 0, 0, 0]","[0, 0, 0, 0, 0, 0]","[1, 0, 4.05, 1.125, 6.0, 6.666666666666667]","[0, 0, 3.0, 1.5, 3.0, 6.0]","[0, 0, 3.0, 1.3333333333333333, 1.0, 0.75]","[0, 0, 12.0, 3.6666666666666665, 2, 3.0]","[0, 0, 0, 0, 0, 0]","[0, 1, 9.0, 3.0, 0.4, 0.6]","[0, 0, 0, 0, 0, 0]","[0, 0, 0, 0, 0, 0]","[0, 0, 0, 0, 0, 0]","[0, 0, 0, 0, 0, 0]","[0, 0, 0.0, 1.2857142857142856, 0, 0.7777777777777778]"
11,2017-04-14,20170414SSLT0,"[0, 0, 3.375, 1.5, 1.0, 0.8888888888888888]","[0, 0, 0, 0, 0, 0]","[0, 0, 9.0, 1.0, 1.0, 0.6666666666666666]","[0, 0, 10.384615384615385, 2.076923076923077, 1.6666666666666667, 1.0833333333333333]","[0, 0, 0, 0, 0, 0]","[0, 0, 0, 0, 0, 0]","[0, 0, 0, 0, 0, 0]","[0, 0, 0, 0, 0, 0]","[0, 0, 0, 0, 0, 0]","[0, 0, 0, 0, 0, 0]","[0, 0, 0, 0, 0, 0]","[0, 0, 0, 0, 0, 0]","[0, 0, 0, 0, 0, 0]","[0, 1, 5.684210526315789, 2.0526315789473686, 0.8, 1.2666666666666666]","[0, 0, 0, 0, 0, 0]","[0, 0, 0, 0, 0, 0]","[0, 0, 0, 0, 0, 0]","[0, 0, 3.0857142857142854, 1.2, 1.6666666666666667, 5.833333333333333]","[0, 0, 0.0, 0.8571428571428571, 5.0, 0.7777777777777778]","[0, 0, 0, 0, 0, 0]","[0, 0, 0, 0, 0, 0]","[0, 0, 4.05, 1.125, 6.0, 6.666666666666667]","[1, 0, 1.9285714285714284, 0.9285714285714286, 3.6666666666666665, 7.0]","[0, 1, 2.25, 1.0, 2.0, 0.8]","[0, 0, 12.0, 3.6666666666666665, 2, 3.0]","[0, 0, 0, 0, 0, 0]","[0, 0, 9.0, 3.0, 0.4, 0.6]","[0, 0, 0, 0, 0, 0]","[0, 0, 0, 0, 0, 0]","[0, 0, 0, 0, 0, 0]","[0, 0, 0, 0, 0, 0]","[0, 1, 0.0, 1.125, 1, 0.6666666666666666]"
12,2017-04-15,20170415SSLT0,"[0, 1, 3.0, 1.6666666666666667, 1.0, 0.75]","[0, 0, 0, 0, 0, 0]","[0, 1, 19.285714285714285, 2.142857142857143, 0.5, 0.5833333333333334]","[0, 0, 10.384615384615385, 2.076923076923077, 1.6666666666666667, 1.0833333333333333]","[0, 0, 0, 0, 0, 0]","[0, 0, 0, 0, 0, 0]","[0, 0, 0, 0, 0, 0]","[0, 0, 0, 0, 0, 0]","[0, 0, 0, 0, 0, 0]","[0, 0, 0, 0, 0, 0]","[0, 0, 0, 0, 0, 0]","[0, 0, 0, 0, 0, 0]","[1, 0, 3.6, 1.2, 3.0, 5.0]","[0, 0, 5.684210526315789, 2.0526315789473686, 0.8, 1.2666666666666666]","[0, 0, 0, 0, 0, 0]","[0, 0, 0, 0, 0, 0]","[0, 0, 0, 0, 0, 0]","[0, 0, 3.0857142857142854, 1.2, 1.6666666666666667, 5.833333333333333]","[0, 0, 0.0, 0.8571428571428571, 5.0, 0.7777777777777778]","[0, 0, 0, 0, 0, 0]","[0, 0, 0, 0, 0, 0]","[0, 0, 4.05, 1.125, 6.0, 6.666666666666667]","[0, 0, 1.9285714285714284, 0.9285714285714286, 3.6666666666666665, 7.0]","[0, 0, 2.25, 1.0, 2.0, 0.8]","[0, 0, 12.0, 3.6666666666666665, 2, 3.0]","[0, 0, 0, 0, 0, 0]","[0, 1, 5.4, 2.0, 0.8333333333333334, 0.8333333333333334]","[0, 0, 0, 0, 0, 0]","[0, 0, 0, 0, 0, 0]","[0, 0, 0, 0, 0, 0]","[0, 1, 0, 0, 0, 0]","[0, 1, 0.0, 0.8181818181818182, 1, 0.7333333333333333]"
13,2017-04-16,20170416SSLT0,"[0, 0, 3.0, 1.6666666666666667, 1.0, 0.75]","[0, 0, 0, 0, 0, 0]","[0, 0, 19.285714285714285, 2.142857142857143, 0.5, 0.5833333333333334]","[0, 1, 8.4375, 1.6875, 2.3333333333333335, 1.0666666666666667]","[0, 0, 0, 0, 0, 0]","[0, 0, 0, 0, 0, 0]","[0, 0, 0, 0, 0, 0]","[0, 0, 0, 0, 0, 0]","[0, 0, 0, 0, 0, 0]","[0, 0, 0, 0, 0, 0]","[0, 0, 0, 0, 0, 0]","[0, 0, 0, 0, 0, 0]","[0, 0, 3.6, 1.2, 3.0, 5.0]","[0, 0, 5.684210526315789, 2.0526315789473686, 0.8, 1.2666666666666666]","[0, 0, 0, 0, 0, 0]","[0, 0, 0, 0, 0, 0]","[0, 0, 0, 0, 0, 0]","[0, 0, 3.0857142857142854, 1.2, 1.6666666666666667, 5.833333333333333]","[0, 0, 0.0, 0.8571428571428571, 5.0, 0.7777777777777778]","[0, 0, 0, 0, 0, 0]","[0, 0, 0, 0, 0, 0]","[0, 0, 4.05, 1.125, 6.0, 6.666666666666667]","[0, 0, 1.9285714285714284, 0.9285714285714286, 3.6666666666666665, 7.0]","[0, 0, 2.25, 1.0, 2.0, 0.8]","[1, 0, 9.0, 2.375, 3.5, 4.0]","[0, 0, 0, 0, 0, 0]","[0, 0, 5.4, 2.0, 0.8333333333333334, 0.8333333333333334]","[0, 1, 0, 0, 0, 0]","[0, 0, 0, 0, 0, 0]","[0, 0, 0, 0, 0, 0]","[0, 0, 0, 0, 0, 0]","[0, 0, 0.0, 0.8181818181818182, 1, 0.7333333333333333]"
14,2017-04-18,20170418SSOB0,"[0, 0, 3.0, 1.6666666666666667, 1.0, 0.75]","[0, 0, 0, 0, 0, 0]","[0, 0, 19.285714285714285, 2.142857142857143, 0.5, 0.5833333333333334]","[0, 1, 6.428571428571428, 1.2857142857142858, 2.6666666666666665, 1.1666666666666667]","[0, 0, 0, 0, 0, 0]","[0, 0, 0, 0, 0, 0]","[0, 0, 0, 0, 0, 0]","[0, 0, 0, 0, 0, 0]","[0, 0, 0, 0, 0, 0]","[0, 0, 0, 0, 0, 0]","[0, 0, 0, 0, 0, 0]","[0, 0, 0, 0, 0, 0]","[0, 0, 3.6, 1.2, 3.0, 5.0]","[0, 1, 5.142857142857142, 2.142857142857143, 0.6666666666666666, 1.1666666666666667]","[0, 0, 0, 0, 0, 0]","[0, 0, 0, 0, 0, 0]","[0, 0, 0, 0, 0, 0]","[1, 0, 4.189655172413794, 1.2413793103448276, 1.8333333333333333, 6.444444444444444]","[0, 0, 0.0, 0.8571428571428571, 5.0, 0.7777777777777778]","[0, 0, 0, 0, 0, 0]","[0, 0, 0, 0, 0, 0]","[0, 0, 4.05, 1.125, 6.0, 6.666666666666667]","[0, 0, 1.9285714285714284, 0.9285714285714286, 3.6666666666666665, 7.0]","[0, 0, 2.25, 1.0, 2.0, 0.8]","[0, 0, 9.0, 2.375, 3.5, 4.0]","[0, 0, 0, 0, 0, 0]","[0, 1, 5.4, 2.0, 0.8333333333333334, 0.7142857142857143]","[0, 1, 0.0, 2.25, 1.0, 1.3333333333333333]","[0, 0, 0, 0, 0, 0]","[0, 0, 0, 0, 0, 0]","[0, 0, 0, 0, 0, 0]","[0, 1, 1.8, 0.8, 2, 0.8333333333333334]"
15,2017-04-19,20170419SSOB0,"[0, 0, 3.0, 1.6666666666666667, 1.0, 0.75]","[0, 0, 0, 0, 0, 0]","[0, 1, 14.727272727272727, 1.9090909090909092, 0.3333333333333333, 0.7333333333333333]","[0, 0, 6.428571428571428, 1.2857142857142858, 2.6666666666666665, 1.1666666666666667]","[0, 0, 0, 0, 0, 0]","[0, 0, 0, 0, 0, 0]","[0, 0, 0, 0, 0, 0]","[0, 0, 0, 0, 0, 0]","[0, 0, 0, 0, 0, 0]","[0, 0, 0, 0, 0, 0]","[0, 0, 0, 0, 0, 0]","[0, 0, 0, 0, 0, 0]","[0, 0, 3.6, 1.2, 3.0, 5.0]","[0, 1, 4.909090909090909, 2.181818181818182, 0.7142857142857143, 1.0476190476190477]","[0, 0, 0, 0, 0, 0]","[0, 0, 0, 0, 0, 0]","[0, 0, 0, 0, 0, 0]","[0, 0, 4.189655172413794, 1.2413793103448276, 1.8333333333333333, 6.444444444444444]","[0, 0, 0.0, 0.8571428571428571, 5.0, 0.7777777777777778]","[0, 0, 0, 0, 0, 0]","[0, 0, 0, 0, 0, 0]","[1, 0, 3.2586206896551726, 1.0344827586206897, 5.666666666666667, 6.444444444444444]","[0, 0, 1.9285714285714284, 0.9285714285714286, 3.6666666666666665, 7.0]","[0, 0, 2.25, 1.0, 2.0, 0.8]","[0, 0, 9.0, 2.375, 3.5, 4.0]","[0, 0, 0, 0, 0, 0]","[0, 1, 4.05, 1.5, 1.1666666666666667, 0.8333333333333334]","[0, 0, 0.0, 2.25, 1.0, 1.3333333333333333]","[0, 0, 0, 0, 0, 0]","[0, 0, 0, 0, 0, 0]","[0, 0, 0, 0, 0, 0]","[0, 1, 1.5, 0.6666666666666666, 3, 0.8571428571428571]"
16,2017-04-20,20170420SSOB0,"[0, 0, 3.0, 1.6666666666666667, 1.0, 0.75]","[0, 0, 0, 0, 0, 0]","[0, 0, 14.727272727272727, 1.9090909090909092, 0.3333333333333333, 0.7333333333333333]","[0, 0, 6.428571428571428, 1.2857142857142858, 2.6666666666666665, 1.1666666666666667]","[0, 0, 0, 0, 0, 0]","[0, 0, 0, 0, 0, 0]","[0, 0, 0, 0, 0, 0]","[0, 0, 0, 0, 0, 0]","[0, 0, 0, 0, 0, 0]","[0, 0, 0, 0, 0, 0]","[0, 0, 0, 0, 0, 0]","[0, 0, 0, 0, 0, 0]","[0, 0, 3.6, 1.2, 3.0, 5.0]","[0, 1, 4.909090909090909, 2.4545454545454546, 0.625, 0.9166666666666666]","[0, 0, 0, 0, 0, 0]","[0, 0, 0, 0, 0, 0]","[0, 0, 0, 0, 0, 0]","[0, 0, 4.189655172413794, 1.2413793103448276, 1.8333333333333333, 6.444444444444444]","[0, 0, 0.0, 0.8571428571428571, 5.0, 0.7777777777777778]","[0, 1, 0, 0, 0, 0]","[0, 0, 0, 0, 0, 0]","[0, 0, 3.2586206896551726, 1.0344827586206897, 5.666666666666667, 6.444444444444444]","[1, 0, 3.983606557377049, 1.180327868852459, 2.5, 6.777777777777778]","[0, 0, 2.25, 1.0, 2.0, 0.8]","[0, 0, 9.0, 2.375, 3.5, 4.0]","[0, 0, 0, 0, 0, 0]","[0, 0, 4.05, 1.5, 1.1666666666666667, 0.8333333333333334]","[0, 1, 0.0, 1.2, 2.0, 1.6666666666666667]","[0, 0, 0, 0, 0, 0]","[0, 0, 0, 0, 0, 0]","[0, 0, 0, 0, 0, 0]","[0, 0, 1.5, 0.6666666666666666, 3, 0.8571428571428571]"
17,2017-04-21,20170421NCSS0,"[0, 0, 3.0, 1.6666666666666667, 1.0, 0.75]","[0, 0, 0, 0, 0, 0]","[0, 0, 14.727272727272727, 1.9090909090909092, 0.3333333333333333, 0.7333333333333333]","[0, 1, 6.75, 1.5, 2.0, 1.1428571428571428]","[0, 0, 0, 0, 0, 0]","[0, 0, 0, 0, 0, 0]","[0, 0, 0, 0, 0, 0]","[0, 0, 0, 0, 0, 0]","[0, 0, 0, 0, 0, 0]","[0, 0, 0, 0, 0, 0]","[0, 0, 0, 0, 0, 0]","[0, 0, 0, 0, 0, 0]","[1, 0, 5.0, 1.5555555555555556, 2.0, 4.5]","[0, 0, 4.909090909090909, 2.4545454545454546, 0.625, 0.9166666666666666]","[0, 0, 0, 0, 0, 0]","[0, 0, 0, 0, 0, 0]","[0, 0, 0, 0, 0, 0]","[0, 0, 4.189655172413794, 1.2413793103448276, 1.8333333333333333, 6.444444444444444]","[0, 0, 0.0, 0.8571428571428571, 5.0, 0.7777777777777778]","[0, 1, 0.0, 3.0, 1.0, 0.3333333333333333]","[0, 0, 0, 0, 0, 0]","[0, 0, 3.2586206896551726, 1.0344827586206897, 5.666666666666667, 6.444444444444444]","[0, 0, 3.983606557377049, 1.180327868852459, 2.5, 6.777777777777778]","[0, 0, 2.25, 1.0, 2.0, 0.8]","[0, 0, 9.0, 2.375, 3.5, 4.0]","[0, 0, 0, 0, 0, 0]","[0, 1, 3.375, 1.375, 1.5, 0.8888888888888888]","[0, 1, 4.153846153846154, 1.8461538461538463, 2.0, 1.4444444444444444]","[0, 0, 0, 0, 0, 0]","[0, 0, 0, 0, 0, 0]","[0, 0, 0, 0, 0, 0]","[0, 1, 2.076923076923077, 0.8076923076923077, 5.0, 1.0833333333333333]"
18,2017-04-22,20170422NCSS0,"[0, 0, 3.0, 1.6666666666666667, 1.0, 0.75]","[0, 0, 0, 0, 0, 0]","[0, 1, 8.217391304347826, 1.434782608695652, 0.75, 1.277777777777778]","[0, 0, 6.75, 1.5, 2.0, 1.1428571428571428]","[0, 0, 0, 0, 0, 0]","[0, 0, 0, 0, 0, 0]","[0, 0, 0, 0, 0, 0]","[0, 0, 0, 0, 0, 0]","[0, 0, 0, 0, 0, 0]","[0, 1, 0, 0, 0, 0]","[0, 0, 0, 0, 0, 0]","[0, 0, 0, 0, 0, 0]","[0, 0, 5.0, 1.5555555555555556, 2.0, 4.5]","[0, 1, 4.5, 2.25, 0.875, 0.8888888888888888]","[0, 0, 0, 0, 0, 0]","[0, 0, 0, 0, 0, 0]","[0, 0, 0, 0, 0, 0]","[0, 0, 4.189655172413794, 1.2413793103448276, 1.8333333333333333, 6.444444444444444]","[0, 0, 0.0, 0.8571428571428571, 5.0, 0.7777777777777778]","[0, 1, 0.0, 0.8571428571428571, 3.0, 1.1666666666666667]","[0, 0, 0, 0, 0, 0]","[0, 0, 3.2586206896551726, 1.0344827586206897, 5.666666666666667, 6.444444444444444]","[0, 0, 3.983606557377049, 1.180327868852459, 2.5, 6.777777777777778]","[0, 0, 2.25, 1.0, 2.0, 0.8]","[1, 0, 5.142857142857142, 1.8571428571428572, 4.0, 4.666666666666667]","[0, 0, 0, 0, 0, 0]","[0, 0, 3.375, 1.375, 1.5, 0.8888888888888888]","[0, 0, 4.153846153846154, 1.8461538461538463, 2.0, 1.4444444444444444]","[0, 0, 0, 0, 0, 0]","[0, 0, 0, 0, 0, 0]","[0, 0, 0, 0, 0, 0]","[0, 0, 2.076923076923077, 0.8076923076923077, 5.0, 1.0833333333333333]"
19,2017-04-23,20170423NCSS0,"[0, 0, 3.0, 1.6666666666666667, 1.0, 0.75]","[0, 0, 0, 0, 0, 0]","[0, 0, 8.217391304347826, 1.434782608695652, 0.75, 1.277777777777778]","[0, 1, 5.785714285714286, 1.5, 1.5, 1.1666666666666667]","[0, 0, 0, 0, 0, 0]","[0, 0, 0, 0, 0, 0]","[0, 0, 0, 0, 0, 0]","[0, 0, 0, 0, 0, 0]","[0, 0, 0, 0, 0, 0]","[0, 0, 0, 0, 0, 0]","[0, 0, 0, 0, 0, 0]","[0, 0, 0, 0, 0, 0]","[0, 0, 5.0, 1.5555555555555556, 2.0, 4.5]","[0, 0, 4.5, 2.25, 0.875, 0.8888888888888888]","[0, 0, 0, 0, 0, 0]","[0, 0, 0, 0, 0, 0]","[0, 0, 0, 0, 0, 0]","[1, 0, 3.9078947368421053, 1.381578947368421, 1.4444444444444444, 6.333333333333333]","[0, 0, 0.0, 0.8571428571428571, 5.0, 0.7777777777777778]","[0, 0, 0.0, 0.8571428571428571, 3.0, 1.1666666666666667]","[0, 0, 0, 0, 0, 0]","[0, 0, 3.2586206896551726, 1.0344827586206897, 5.666666666666667, 6.444444444444444]","[0, 0, 3.983606557377049, 1.180327868852459, 2.5, 6.777777777777778]","[0, 0, 2.25, 1.0, 2.0, 0.8]","[0, 0, 5.142857142857142, 1.8571428571428572, 4.0, 4.666666666666667]","[0, 0, 0, 0, 0, 0]","[0, 1, 3.1153846153846154, 1.2692307692307694, 1.6666666666666667, 0.8666666666666666]","[0, 1, 3.176470588235294, 1.7647058823529411, 2.0, 1.4166666666666667]","[0, 0, 0, 0, 0, 0]","[0, 0, 0, 0, 0, 0]","[0, 0, 0, 0, 0, 0]","[0, 1, 1.6875, 0.75, 8.0, 1.1851851851851851]"
20,2017-04-25,20170425SSHT0,"[0, 0, 3.0, 1.6666666666666667, 1.0, 0.75]","[0, 1, 0, 0, 0, 0]","[0, 0, 8.217391304347826, 1.434782608695652, 0.75, 1.277777777777778]","[0, 0, 5.785714285714286, 1.5, 1.5, 1.1666666666666667]","[0, 0, 0, 0, 0, 0]","[0, 0, 0, 0, 0, 0]","[0, 0, 0, 0, 0, 0]","[0, 0, 0, 0, 0, 0]","[0, 0, 0, 0, 0, 0]","[0, 0, 0, 0, 0, 0]","[0, 0, 0, 0, 0, 0]","[0, 0, 0, 0, 0, 0]","[0, 0, 5.0, 1.5555555555555556, 2.0, 4.5]","[0, 1, 3.6, 2.1, 0.8, 1.0]","[0, 0, 0, 0, 0, 0]","[1, 0, 0, 0, 0, 0]","[0, 0, 0, 0, 0, 0]","[0, 0, 3.9078947368421053, 1.381578947368421, 1.4444444444444444, 6.333333333333333]","[0, 0, 0.0, 0.8571428571428571, 5.0, 0.7777777777777778]","[0, 1, 8.1, 1.7999999999999998, 3.0, 1.1111111111111112]","[0, 0, 0, 0, 0, 0]","[0, 0, 3.2586206896551726, 1.0344827586206897, 5.666666666666667, 6.444444444444444]","[0, 0, 3.983606557377049, 1.180327868852459, 2.5, 6.777777777777778]","[0, 0, 2.25, 1.0, 2.0, 0.8]","[0, 0, 5.142857142857142, 1.8571428571428572, 4.0, 4.666666666666667]","[0, 0, 0, 0, 0, 0]","[0, 0, 3.1153846153846154, 1.2692307692307694, 1.6666666666666667, 0.8666666666666666]","[0, 0, 3.176470588235294, 1.7647058823529411, 2.0, 1.4166666666666667]","[0, 0, 0, 0, 0, 0]","[0, 0, 0, 0, 0, 0]","[0, 0, 0, 0, 0, 0]","[0, 0, 1.6875, 0.75, 8.0, 1.1851851851851851]"
21,2017-04-26,20170426SSHT0,"[0, 0, 3.0, 1.6666666666666667, 1.0, 0.75]","[0, 1, 6.75, 2.25, 1, 1.3333333333333333]","[0, 0, 8.217391304347826, 1.434782608695652, 0.75, 1.277777777777778]","[0, 0, 5.785714285714286, 1.5, 1.5, 1.1666666666666667]","[0, 0, 0, 0, 0, 0]","[0, 0, 0, 0, 0, 0]","[0, 0, 0, 0, 0, 0]","[0, 0, 0, 0, 0, 0]","[0, 0, 0, 0, 0, 0]","[0, 0, 0, 0, 0, 0]","[0, 0, 0, 0, 0, 0]","[0, 0, 0, 0, 0, 0]","[0, 0, 5.0, 1.5555555555555556, 2.0, 4.5]","[0, 0, 3.6, 2.1, 0.8, 1.0]","[0, 0, 0, 0, 0, 0]","[0, 0, 0, 0, 0, 0]","[0, 0, 0, 0, 0, 0]","[0, 0, 3.9078947368421053, 1.381578947368421, 1.4444444444444444, 6.333333333333333]","[0, 0, 0.0, 0.8571428571428571, 5.0, 0.7777777777777778]","[0, 0, 8.1, 1.7999999999999998, 3.0, 1.1111111111111112]","[0, 0, 0, 0, 0, 0]","[0, 0, 3.2586206896551726, 1.0344827586206897, 5.666666666666667, 6.444444444444444]","[1, 0, 3.7594936708860756, 1.1772151898734178, 2.375, 6.583333333333333]","[0, 1, 4.5, 1.25, 1.3333333333333333, 0.6666666666666666]","[0, 0, 5.142857142857142, 1.8571428571428572, 4.0, 4.666666666666667]","[0, 0, 0, 0, 0, 0]","[0, 0, 3.1153846153846154, 1.2692307692307694, 1.6666666666666667, 0.8666666666666666]","[0, 0, 3.176470588235294, 1.7647058823529411, 2.0, 1.4166666666666667]","[0, 0, 0, 0, 0, 0]","[0, 0, 0, 0, 0, 0]","[0, 0, 0, 0, 0, 0]","[0, 0, 1.6875, 0.75, 8.0, 1.1851851851851851]"
22,2017-04-27,20170427SSHT0,"[0, 0, 3.0, 1.6666666666666667, 1.0, 0.75]","[0, 1, 7.7142857142857135, 1.7142857142857142, 1, 1.1666666666666667]","[0, 0, 8.217391304347826, 1.434782608695652, 0.75, 1.277777777777778]","[0, 0, 5.785714285714286, 1.5, 1.5, 1.1666666666666667]","[0, 0, 0, 0, 0, 0]","[0, 0, 0, 0, 0, 0]","[0, 0, 0, 0, 0, 0]","[0, 0, 0, 0, 0, 0]","[0, 0, 0, 0, 0, 0]","[0, 0, 0, 0, 0, 0]","[0, 0, 0, 0, 0, 0]","[0, 0, 0, 0, 0, 0]","[1, 0, 5.926829268292683, 1.4634146341463414, 2.3333333333333335, 4.555555555555555]","[0, 0, 3.6, 2.1, 0.8, 1.0]","[0, 0, 0, 0, 0, 0]","[0, 0, 0, 0, 0, 0]","[0, 0, 0, 0, 0, 0]","[0, 0, 3.9078947368421053, 1.381578947368421, 1.4444444444444444, 6.333333333333333]","[0, 0, 0.0, 0.8571428571428571, 5.0, 0.7777777777777778]","[0, 0, 8.1, 1.7999999999999998, 3.0, 1.1111111111111112]","[0, 0, 0, 0, 0, 0]","[0, 0, 3.2586206896551726, 1.0344827586206897, 5.666666666666667, 6.444444444444444]","[0, 0, 3.7594936708860756, 1.1772151898734178, 2.375, 6.583333333333333]","[0, 0, 4.5, 1.25, 1.3333333333333333, 0.6666666666666666]","[0, 0, 5.142857142857142, 1.8571428571428572, 4.0, 4.666666666666667]","[0, 0, 0, 0, 0, 0]","[0, 0, 3.1153846153846154, 1.2692307692307694, 1.6666666666666667, 0.8666666666666666]","[0, 0, 3.176470588235294, 1.7647058823529411, 2.0, 1.4166666666666667]","[0, 0, 0, 0, 0, 0]","[0, 0, 0, 0, 0, 0]","[0, 0, 0, 0, 0, 0]","[0, 1, 2.53125, 0.84375, 8.0, 1.0666666666666667]"
23,2017-04-28,20170428SKSS0,"[0, 0, 3.0, 1.6666666666666667, 1.0, 0.75]","[0, 0, 7.7142857142857135, 1.7142857142857142, 1, 1.1666666666666667]","[0, 0, 8.217391304347826, 1.434782608695652, 0.75, 1.277777777777778]","[0, 1, 5.225806451612903, 1.4516129032258063, 1.8333333333333333, 1.1481481481481481]","[0, 0, 0, 0, 0, 0]","[0, 0, 0, 0, 0, 0]","[0, 0, 0, 0, 0, 0]","[0, 0, 0, 0, 0, 0]","[0, 0, 0, 0, 0, 0]","[0, 0, 0, 0, 0, 0]","[0, 0, 0, 0, 0, 0]","[0, 0, 0, 0, 0, 0]","[0, 0, 5.926829268292683, 1.4634146341463414, 2.3333333333333335, 4.555555555555555]","[0, 1, 3.4615384615384612, 1.8461538461538463, 1.0, 1.1818181818181819]","[0, 0, 0, 0, 0, 0]","[0, 0, 0, 0, 0, 0]","[0, 0, 0, 0, 0, 0]","[0, 0, 3.9078947368421053, 1.381578947368421, 1.4444444444444444, 6.333333333333333]","[0, 0, 0.0, 0.8571428571428571, 5.0, 0.7777777777777778]","[0, 0, 8.1, 1.7999999999999998, 3.0, 1.1111111111111112]","[0, 0, 0, 0, 0, 0]","[0, 0, 3.2586206896551726, 1.0344827586206897, 5.666666666666667, 6.444444444444444]","[0, 0, 3.7594936708860756, 1.1772151898734178, 2.375, 6.583333333333333]","[0, 0, 4.5, 1.25, 1.3333333333333333, 0.6666666666666666]","[1, 0, 7.269230769230769, 2.019230769230769, 2.8, 4.333333333333333]","[0, 0, 0, 0, 0, 0]","[0, 1, 3.0, 1.2222222222222223, 1.8333333333333333, 0.8181818181818182]","[0, 1, 7.105263157894736, 2.0526315789473686, 2.3333333333333335, 1.2666666666666666]","[0, 0, 0, 0, 0, 0]","[0, 0, 0, 0, 0, 0]","[0, 0, 0, 0, 0, 0]","[0, 1, 5.108108108108109, 1.135135135135135, 9.0, 1.1212121212121213]"
24,2017-04-29,20170429SKSS0,"[0, 0, 3.0, 1.6666666666666667, 1.0, 0.75]","[0, 0, 7.7142857142857135, 1.7142857142857142, 1, 1.1666666666666667]","[0, 0, 8.217391304347826, 1.434782608695652, 0.75, 1.277777777777778]","[0, 1, 4.764705882352941, 1.3235294117647058, 2.0, 1.1333333333333333]","[0, 0, 0, 0, 0, 0]","[0, 0, 0, 0, 0, 0]","[0, 0, 0, 0, 0, 0]","[0, 0, 0, 0, 0, 0]","[0, 0, 0, 0, 0, 0]","[0, 0, 0, 0, 0, 0]","[0, 0, 0, 0, 0, 0]","[0, 0, 0, 0, 0, 0]","[0, 0, 5.926829268292683, 1.4634146341463414, 2.3333333333333335, 4.555555555555555]","[0, 0, 3.4615384615384612, 1.8461538461538463, 1.0, 1.1818181818181819]","[0, 0, 0, 0, 0, 0]","[0, 0, 0, 0, 0, 0]","[0, 0, 0, 0, 0, 0]","[1, 0, 3.618556701030928, 1.3298969072164948, 1.5, 6.466666666666667]","[0, 0, 0.0, 0.8571428571428571, 5.0, 0.7777777777777778]","[0, 0, 8.1, 1.7999999999999998, 3.0, 1.1111111111111112]","[0, 0, 0, 0, 0, 0]","[0, 0, 3.2586206896551726, 1.0344827586206897, 5.666666666666667, 6.444444444444444]","[0, 0, 3.7594936708860756, 1.1772151898734178, 2.375, 6.583333333333333]","[0, 0, 4.5, 1.25, 1.3333333333333333, 0.6666666666666666]","[0, 0, 7.269230769230769, 2.019230769230769, 2.8, 4.333333333333333]","[0, 0, 0, 0, 0, 0]","[0, 1, 2.7, 1.2, 1.5714285714285714, 0.8333333333333334]","[0, 0, 7.105263157894736, 2.0526315789473686, 2.3333333333333335, 1.2666666666666666]","[0, 0, 0, 0, 0, 0]","[0, 0, 0, 0, 0, 0]","[0, 0, 0, 0, 0, 0]","[0, 0, 5.108108108108109, 1.135135135135135, 9.0, 1.1212121212121213]"
25,2017-04-30,20170430SKSS0,"[0, 1, 2.7, 2.4, 0.6, 0.6666666666666667]","[0, 1, 4.153846153846154, 1.153846153846154, 4, 1.4444444444444444]","[0, 0, 8.217391304347826, 1.434782608695652, 0.75, 1.277777777777778]","[0, 0, 4.764705882352941, 1.3235294117647058, 2.0, 1.1333333333333333]","[0, 0, 0, 0, 0, 0]","[0, 0, 0, 0, 0, 0]","[0, 0, 0, 0, 0, 0]","[0, 0, 0, 0, 0, 0]","[0, 0, 0, 0, 0, 0]","[0, 0, 0, 0, 0, 0]","[0, 0, 0, 0, 0, 0]","[0, 0, 0, 0, 0, 0]","[0, 0, 5.926829268292683, 1.4634146341463414, 2.3333333333333335, 4.555555555555555]","[0, 0, 3.4615384615384612, 1.8461538461538463, 1.0, 1.1818181818181819]","[0, 0, 0, 0, 0, 0]","[0, 1, 12.0, 2.0, 2.0, 3.0]","[0, 0, 0, 0, 0, 0]","[0, 0, 3.618556701030928, 1.3298969072164948, 1.5, 6.466666666666667]","[0, 0, 0.0, 0.8571428571428571, 5.0, 0.7777777777777778]","[0, 0, 8.1, 1.7999999999999998, 3.0, 1.1111111111111112]","[0, 0, 0, 0, 0, 0]","[1, 0, 3.15, 1.1, 5.666666666666667, 5.0]","[0, 0, 3.7594936708860756, 1.1772151898734178, 2.375, 6.583333333333333]","[0, 1, 3.6, 1.4, 1.0, 0.7142857142857143]","[0, 0, 7.269230769230769, 2.019230769230769, 2.8, 4.333333333333333]","[0, 0, 0, 0, 0, 0]","[0, 0, 2.7, 1.2, 1.5714285714285714, 0.8333333333333334]","[0, 0, 7.105263157894736, 2.0526315789473686, 2.3333333333333335, 1.2666666666666666]","[0, 0, 0, 0, 0, 0]","[0, 0, 0, 0, 0, 0]","[0, 0, 0, 0, 0, 0]","[0, 0, 5.108108108108109, 1.135135135135135, 9.0, 1.1212121212121213]"
26,2017-05-02,20170502OBSS0,"[0, 0, 2.7, 2.4, 0.6, 0.6666666666666667]","[0, 0, 4.153846153846154, 1.153846153846154, 4, 1.4444444444444444]","[0, 0, 8.217391304347826, 1.434782608695652, 0.75, 1.277777777777778]","[0, 1, 5.142857142857142, 1.2142857142857142, 2.8333333333333335, 1.2727272727272727]","[0, 0, 0, 0, 0, 0]","[0, 0, 0, 0, 0, 0]","[0, 0, 0, 0, 0, 0]","[0, 0, 0, 0, 0, 0]","[0, 0, 0, 0, 0, 0]","[0, 0, 0, 0, 0, 0]","[0, 0, 0, 0, 0, 0]","[0, 0, 0, 0, 0, 0]","[0, 0, 5.926829268292683, 1.4634146341463414, 2.3333333333333335, 4.555555555555555]","[0, 1, 3.0, 1.7333333333333334, 1.0833333333333333, 1.25]","[0, 0, 0, 0, 0, 0]","[0, 0, 12.0, 2.0, 2.0, 3.0]","[0, 0, 0, 0, 0, 0]","[0, 0, 3.618556701030928, 1.3298969072164948, 1.5, 6.466666666666667]","[0, 0, 0.0, 0.8571428571428571, 5.0, 0.7777777777777778]","[0, 0, 8.1, 1.7999999999999998, 3.0, 1.1111111111111112]","[0, 0, 0, 0, 0, 0]","[0, 0, 3.15, 1.1, 5.666666666666667, 5.0]","[1, 0, 4.731958762886598, 1.268041237113402, 2.4444444444444446, 6.466666666666667]","[0, 0, 3.6, 1.4, 1.0, 0.7142857142857143]","[0, 0, 7.269230769230769, 2.019230769230769, 2.8, 4.333333333333333]","[0, 0, 0, 0, 0, 0]","[0, 1, 4.354838709677419, 1.3548387096774193, 1.7142857142857142, 0.7948717948717949]","[0, 1, 7.5600000000000005, 1.92, 2.3333333333333335, 1.388888888888889]","[0, 0, 0, 0, 0, 0]","[0, 0, 0, 0, 0, 0]","[0, 0, 0, 0, 0, 0]","[0, 0, 5.108108108108109, 1.135135135135135, 9.0, 1.1212121212121213]"
27,2017-05-03,20170503OBSS0,"[0, 1, 1.5, 1.3333333333333333, 1.4, 1.0]","[0, 0, 4.153846153846154, 1.153846153846154, 4, 1.4444444444444444]","[0, 0, 8.217391304347826, 1.434782608695652, 0.75, 1.277777777777778]","[0, 0, 5.142857142857142, 1.2142857142857142, 2.8333333333333335, 1.2727272727272727]","[0, 0, 0, 0, 0, 0]","[0, 0, 0, 0, 0, 0]","[0, 0, 0, 0, 0, 0]","[0, 0, 0, 0, 0, 0]","[0, 0, 0, 0, 0, 0]","[0, 0, 0, 0, 0, 0]","[0, 0, 0, 0, 0, 0]","[0, 0, 0, 0, 0, 0]","[1, 0, 10.5, 2.0, 1.6666666666666667, 4.5]","[0, 1, 2.7551020408163267, 1.5918367346938778, 1.1666666666666667, 1.2564102564102564]","[0, 0, 0, 0, 0, 0]","[0, 1, 11.25, 1.75, 2.5, 2.0]","[0, 0, 0, 0, 0, 0]","[0, 0, 3.618556701030928, 1.3298969072164948, 1.5, 6.466666666666667]","[0, 0, 0.0, 0.8571428571428571, 5.0, 0.7777777777777778]","[0, 0, 8.1, 1.7999999999999998, 3.0, 1.1111111111111112]","[0, 0, 0, 0, 0, 0]","[0, 0, 3.15, 1.1, 5.666666666666667, 5.0]","[0, 0, 4.731958762886598, 1.268041237113402, 2.4444444444444446, 6.466666666666667]","[0, 0, 3.6, 1.4, 1.0, 0.7142857142857143]","[0, 0, 7.269230769230769, 2.019230769230769, 2.8, 4.333333333333333]","[0, 0, 0, 0, 0, 0]","[0, 0, 4.354838709677419, 1.3548387096774193, 1.7142857142857142, 0.7948717948717949]","[0, 0, 7.5600000000000005, 1.92, 2.3333333333333335, 1.388888888888889]","[0, 0, 0, 0, 0, 0]","[0, 0, 0, 0, 0, 0]","[0, 1, 0.0, 2.0, 0.0, 1.0]","[0, 1, 4.725, 1.125, 4.5, 1.1111111111111112]"
28,2017-05-04,20170504OBSS0,"[0, 1, 1.2857142857142856, 1.5714285714285714, 1.3333333333333333, 1.0]","[0, 1, 6.75, 1.5, 6, 1.3333333333333333]","[1, 0, 10.565217391304348, 1.9565217391304348, 0.42857142857142855, 1.0952380952380953]","[0, 0, 5.142857142857142, 1.2142857142857142, 2.8333333333333335, 1.2727272727272727]","[0, 0, 0, 0, 0, 0]","[0, 0, 0, 0, 0, 0]","[0, 0, 0, 0, 0, 0]","[0, 0, 0, 0, 0, 0]","[0, 0, 0, 0, 0, 0]","[0, 0, 0, 0, 0, 0]","[0, 0, 0, 0, 0, 0]","[0, 0, 0, 0, 0, 0]","[0, 0, 10.5, 2.0, 1.6666666666666667, 4.5]","[0, 0, 2.7551020408163267, 1.5918367346938778, 1.1666666666666667, 1.2564102564102564]","[0, 0, 0, 0, 0, 0]","[0, 0, 11.25, 1.75, 2.5, 2.0]","[0, 0, 0, 0, 0, 0]","[0, 0, 3.618556701030928, 1.3298969072164948, 1.5, 6.466666666666667]","[0, 0, 0.0, 0.8571428571428571, 5.0, 0.7777777777777778]","[0, 0, 8.1, 1.7999999999999998, 3.0, 1.1111111111111112]","[0, 0, 0, 0, 0, 0]","[0, 0, 3.15, 1.1, 5.666666666666667, 5.0]","[0, 0, 4.731958762886598, 1.268041237113402, 2.4444444444444446, 6.466666666666667]","[0, 0, 3.6, 1.4, 1.0, 0.7142857142857143]","[0, 0, 7.269230769230769, 2.019230769230769, 2.8, 4.333333333333333]","[0, 0, 0, 0, 0, 0]","[0, 0, 4.354838709677419, 1.3548387096774193, 1.7142857142857142, 0.7948717948717949]","[0, 0, 7.5600000000000005, 1.92, 2.3333333333333335, 1.388888888888889]","[0, 0, 0, 0, 0, 0]","[0, 0, 0, 0, 0, 0]","[0, 1, 0.0, 2.142857142857143, 1.0, 1.1666666666666667]","[0, 0, 4.725, 1.125, 4.5, 1.1111111111111112]"
29,2017-05-05,20170505SSNC0,"[0, 0, 1.2857142857142856, 1.5714285714285714, 1.3333333333333333, 1.0]","[0, 0, 6.75, 1.5, 6, 1.3333333333333333]","[0, 0, 10.565217391304348, 1.9565217391304348, 0.42857142857142855, 1.0952380952380953]","[0, 0, 5.142857142857142, 1.2142857142857142, 2.8333333333333335, 1.2727272727272727]","[0, 0, 0, 0, 0, 0]","[0, 0, 0, 0, 0, 0]","[0, 0, 0, 0, 0, 0]","[0, 0, 0, 0, 0, 0]","[0, 0, 0, 0, 0, 0]","[0, 0, 0, 0, 0, 0]","[0, 0, 0, 0, 0, 0]","[0, 0, 0, 0, 0, 0]","[0, 0, 10.5, 2.0, 1.6666666666666667, 4.5]","[0, 0, 2.7551020408163267, 1.5918367346938778, 1.1666666666666667, 1.2564102564102564]","[0, 0, 0, 0, 0, 0]","[0, 0, 11.25, 1.75, 2.5, 2.0]","[0, 0, 0, 0, 0, 0]","[1, 0, 3.2869565217391306, 1.3304347826086955, 1.4375, 6.388888888888889]","[0, 0, 0.0, 0.8571428571428571, 5.0, 0.7777777777777778]","[0, 0, 8.1, 1.7999999999999998, 3.0, 1.1111111111111112]","[0, 0, 0, 0, 0, 0]","[0, 0, 3.15, 1.1, 5.666666666666667, 5.0]","[0, 0, 4.731958762886598, 1.268041237113402, 2.4444444444444446, 6.466666666666667]","[0, 0, 3.6, 1.4, 1.0, 0.7142857142857143]","[0, 0, 7.269230769230769, 2.019230769230769, 2.8, 4.333333333333333]","[0, 0, 0, 0, 0, 0]","[0, 0, 4.354838709677419, 1.3548387096774193, 1.7142857142857142, 0.7948717948717949]","[0, 0, 7.5600000000000005, 1.92, 2.3333333333333335, 1.388888888888889]","[0, 0, 0, 0, 0, 0]","[0, 0, 0, 0, 0, 0]","[0, 0, 0.0, 2.142857142857143, 1.0, 1.1666666666666667]","[0, 1, 5.282608695652174, 1.3043478260869565, 2.75, 1.1794871794871795]"
30,2017-05-06,20170506SSNC0,"[0, 0, 1.2857142857142856, 1.5714285714285714, 1.3333333333333333, 1.0]","[0, 0, 6.75, 1.5, 6, 1.3333333333333333]","[0, 0, 10.565217391304348, 1.9565217391304348, 0.42857142857142855, 1.0952380952380953]","[0, 0, 5.142857142857142, 1.2142857142857142, 2.8333333333333335, 1.2727272727272727]","[0, 0, 0, 0, 0, 0]","[0, 0, 0, 0, 0, 0]","[0, 0, 0, 0, 0, 0]","[0, 0, 0, 0, 0, 0]","[0, 0, 0, 0, 0, 0]","[0, 0, 0, 0, 0, 0]","[0, 0, 0, 0, 0, 0]","[0, 0, 0, 0, 0, 0]","[0, 0, 10.5, 2.0, 1.6666666666666667, 4.5]","[0, 0, 2.7551020408163267, 1.5918367346938778, 1.1666666666666667, 1.2564102564102564]","[0, 0, 0, 0, 0, 0]","[1, 0, 9.0, 1.6, 3.0, 1.6666666666666667]","[0, 0, 0, 0, 0, 0]","[0, 0, 3.2869565217391306, 1.3304347826086955, 1.4375, 6.388888888888889]","[0, 0, 0.0, 0.8571428571428571, 5.0, 0.7777777777777778]","[0, 1, 15.750000000000002, 2.75, 1.3333333333333333, 1.0]","[0, 0, 0, 0, 0, 0]","[0, 0, 3.15, 1.1, 5.666666666666667, 5.0]","[0, 0, 4.731958762886598, 1.268041237113402, 2.4444444444444446, 6.466666666666667]","[0, 0, 3.6, 1.4, 1.0, 0.7142857142857143]","[0, 0, 7.269230769230769, 2.019230769230769, 2.8, 4.333333333333333]","[0, 0, 0, 0, 0, 0]","[0, 1, 4.090909090909091, 1.3636363636363635, 1.8571428571428572, 0.7857142857142857]","[0, 1, 9.642857142857142, 2.25, 1.8, 1.3333333333333335]","[0, 0, 0, 0, 0, 0]","[0, 0, 0, 0, 0, 0]","[0, 0, 0.0, 2.142857142857143, 1.0, 1.1666666666666667]","[0, 0, 5.282608695652174, 1.3043478260869565, 2.75, 1.1794871794871795]"
31,2017-05-07,20170507SSNC0,"[0, 1, 3.0, 1.5555555555555556, 1.4285714285714286, 1.125]","[0, 0, 6.75, 1.5, 6, 1.3333333333333333]","[0, 0, 10.565217391304348, 1.9565217391304348, 0.42857142857142855, 1.0952380952380953]","[0, 1, 4.8, 1.2, 3.0, 1.25]","[0, 0, 0, 0, 0, 0]","[0, 0, 0, 0, 0, 0]","[0, 0, 0, 0, 0, 0]","[0, 0, 0, 0, 0, 0]","[0, 0, 0, 0, 0, 0]","[0, 0, 0, 0, 0, 0]","[0, 0, 0, 0, 0, 0]","[0, 0, 0, 0, 0, 0]","[0, 0, 10.5, 2.0, 1.6666666666666667, 4.5]","[0, 1, 3.5, 1.6666666666666667, 1.0666666666666667, 1.2857142857142858]","[0, 0, 0, 0, 0, 0]","[0, 0, 9.0, 1.6, 3.0, 1.6666666666666667]","[0, 0, 0, 0, 0, 0]","[0, 0, 3.2869565217391306, 1.3304347826086955, 1.4375, 6.388888888888889]","[0, 0, 0.0, 0.8571428571428571, 5.0, 0.7777777777777778]","[0, 0, 15.750000000000002, 2.75, 1.3333333333333333, 1.0]","[0, 0, 0, 0, 0, 0]","[1, 0, 5.25, 1.25, 5.0, 4.8]","[0, 0, 4.731958762886598, 1.268041237113402, 2.4444444444444446, 6.466666666666667]","[0, 0, 3.6, 1.4, 1.0, 0.7142857142857143]","[0, 0, 7.269230769230769, 2.019230769230769, 2.8, 4.333333333333333]","[0, 0, 0, 0, 0, 0]","[0, 0, 4.090909090909091, 1.3636363636363635, 1.8571428571428572, 0.7857142857142857]","[0, 0, 9.642857142857142, 2.25, 1.8, 1.3333333333333335]","[0, 0, 0, 0, 0, 0]","[0, 0, 0, 0, 0, 0]","[0, 0, 0.0, 2.142857142857143, 1.0, 1.1666666666666667]","[0, 0, 5.282608695652174, 1.3043478260869565, 2.75, 1.1794871794871795]"
32,2017-05-10,20170510LGSS0,"[0, 0, 3.0, 1.5555555555555556, 1.4285714285714286, 1.125]","[0, 0, 6.75, 1.5, 6, 1.3333333333333333]","[0, 0, 10.565217391304348, 1.9565217391304348, 0.42857142857142855, 1.0952380952380953]","[0, 1, 5.170212765957447, 1.2127659574468086, 3.1666666666666665, 1.205128205128205]","[0, 0, 0, 0, 0, 0]","[0, 0, 0, 0, 0, 0]","[0, 0, 0, 0, 0, 0]","[0, 0, 0, 0, 0, 0]","[0, 0, 0, 0, 0, 0]","[0, 0, 0, 0, 0, 0]","[0, 0, 0, 0, 0, 0]","[0, 0, 0, 0, 0, 0]","[0, 0, 10.5, 2.0, 1.6666666666666667, 4.5]","[0, 1, 4.655172413793104, 1.810344827586207, 0.9444444444444444, 1.2888888888888888]","[0, 0, 0, 0, 0, 0]","[0, 0, 9.0, 1.6, 3.0, 1.6666666666666667]","[0, 0, 0, 0, 0, 0]","[0, 0, 3.2869565217391306, 1.3304347826086955, 1.4375, 6.388888888888889]","[0, 0, 0.0, 0.8571428571428571, 5.0, 0.7777777777777778]","[0, 0, 15.750000000000002, 2.75, 1.3333333333333333, 1.0]","[0, 0, 0, 0, 0, 0]","[0, 0, 5.25, 1.25, 5.0, 4.8]","[1, 0, 4.460869565217391, 1.2521739130434781, 2.3636363636363638, 6.388888888888889]","[0, 0, 3.6, 1.4, 1.0, 0.7142857142857143]","[0, 0, 7.269230769230769, 2.019230769230769, 2.8, 4.333333333333333]","[0, 0, 0, 0, 0, 0]","[0, 0, 4.090909090909091, 1.3636363636363635, 1.8571428571428572, 0.7857142857142857]","[0, 1, 8.709677419354838, 2.129032258064516, 2.0, 1.2916666666666667]","[0, 0, 0, 0, 0, 0]","[0, 0, 0, 0, 0, 0]","[0, 0, 0.0, 2.142857142857143, 1.0, 1.1666666666666667]","[0, 0, 5.282608695652174, 1.3043478260869565, 2.75, 1.1794871794871795]"
33,2017-05-11,20170511LGSS0,"[0, 1, 4.909090909090909, 1.6363636363636365, 1.3333333333333333, 1.2222222222222223]","[0, 0, 6.75, 1.5, 6, 1.3333333333333333]","[0, 0, 10.565217391304348, 1.9565217391304348, 0.42857142857142855, 1.0952380952380953]","[0, 1, 6.75, 1.375, 2.7142857142857144, 1.1428571428571428]","[0, 0, 0, 0, 0, 0]","[0, 0, 0, 0, 0, 0]","[0, 0, 0, 0, 0, 0]","[0, 0, 0, 0, 0, 0]","[0, 0, 0, 0, 0, 0]","[0, 0, 0, 0, 0, 0]","[0, 0, 0, 0, 0, 0]","[0, 0, 0, 0, 0, 0]","[0, 0, 10.5, 2.0, 1.6666666666666667, 4.5]","[0, 1, 4.576271186440678, 1.830508474576271, 1.0, 1.2291666666666667]","[0, 0, 0, 0, 0, 0]","[0, 0, 9.0, 1.6, 3.0, 1.6666666666666667]","[0, 0, 0, 0, 0, 0]","[1, 0, 4.2, 1.4, 1.4705882352941178, 6.428571428571429]","[0, 0, 0.0, 0.8571428571428571, 5.0, 0.7777777777777778]","[0, 0, 15.750000000000002, 2.75, 1.3333333333333333, 1.0]","[0, 0, 0, 0, 0, 0]","[0, 0, 5.25, 1.25, 5.0, 4.8]","[0, 0, 4.460869565217391, 1.2521739130434781, 2.3636363636363638, 6.388888888888889]","[0, 0, 3.6, 1.4, 1.0, 0.7142857142857143]","[0, 0, 7.269230769230769, 2.019230769230769, 2.8, 4.333333333333333]","[0, 0, 0, 0, 0, 0]","[0, 0, 4.090909090909091, 1.3636363636363635, 1.8571428571428572, 0.7857142857142857]","[0, 0, 8.709677419354838, 2.129032258064516, 2.0, 1.2916666666666667]","[0, 0, 0, 0, 0, 0]","[0, 0, 0, 0, 0, 0]","[0, 0, 0.0, 2.142857142857143, 1.0, 1.1666666666666667]","[0, 0, 5.282608695652174, 1.3043478260869565, 2.75, 1.1794871794871795]"
34,2017-05-12,20170512WOSS0,"[0, 0, 4.909090909090909, 1.6363636363636365, 1.3333333333333333, 1.2222222222222223]","[0, 0, 6.75, 1.5, 6, 1.3333333333333333]","[0, 0, 10.565217391304348, 1.9565217391304348, 0.42857142857142855, 1.0952380952380953]","[0, 1, 7.0200000000000005, 1.5, 2.3333333333333335, 1.1111111111111112]","[0, 0, 0, 0, 0, 0]","[0, 0, 0, 0, 0, 0]","[0, 0, 0, 0, 0, 0]","[0, 0, 0, 0, 0, 0]","[0, 0, 0, 0, 0, 0]","[0, 0, 0, 0, 0, 0]","[0, 0, 0, 0, 0, 0]","[0, 0, 0, 0, 0, 0]","[0, 0, 10.5, 2.0, 1.6666666666666667, 4.5]","[0, 0, 4.576271186440678, 1.830508474576271, 1.0, 1.2291666666666667]","[0, 0, 0, 0, 0, 0]","[0, 0, 9.0, 1.6, 3.0, 1.6666666666666667]","[0, 0, 0, 0, 0, 0]","[0, 0, 4.2, 1.4, 1.4705882352941178, 6.428571428571429]","[0, 0, 0.0, 0.8571428571428571, 5.0, 0.7777777777777778]","[0, 0, 15.750000000000002, 2.75, 1.3333333333333333, 1.0]","[0, 0, 0, 0, 0, 0]","[0, 0, 5.25, 1.25, 5.0, 4.8]","[0, 0, 4.460869565217391, 1.2521739130434781, 2.3636363636363638, 6.388888888888889]","[0, 0, 3.6, 1.4, 1.0, 0.7142857142857143]","[0, 0, 7.269230769230769, 2.019230769230769, 2.8, 4.333333333333333]","[0, 0, 0, 0, 0, 0]","[1, 0, 2.7551020408163267, 1.1632653061224492, 2.5, 1.0888888888888888]","[0, 1, 9.0, 2.1666666666666665, 2.2, 1.3333333333333333]","[0, 0, 0, 0, 0, 0]","[0, 0, 0, 0, 0, 0]","[0, 0, 0.0, 2.142857142857143, 1.0, 1.1666666666666667]","[0, 0, 5.282608695652174, 1.3043478260869565, 2.75, 1.1794871794871795]"
35,2017-05-13,20170513WOSS0,"[0, 1, 4.5, 1.5833333333333333, 1.3, 1.2]","[0, 0, 6.75, 1.5, 6, 1.3333333333333333]","[1, 0, 14.4, 2.3, 0.4166666666666667, 1.25]","[0, 0, 7.0200000000000005, 1.5, 2.3333333333333335, 1.1111111111111112]","[0, 0, 0, 0, 0, 0]","[0, 0, 0, 0, 0, 0]","[0, 0, 0, 0, 0, 0]","[0, 0, 0, 0, 0, 0]","[0, 0, 0, 0, 0, 0]","[0, 0, 0, 0, 0, 0]","[0, 0, 0, 0, 0, 0]","[0, 0, 0, 0, 0, 0]","[0, 0, 10.5, 2.0, 1.6666666666666667, 4.5]","[0, 0, 4.576271186440678, 1.830508474576271, 1.0, 1.2291666666666667]","[0, 0, 0, 0, 0, 0]","[0, 0, 9.0, 1.6, 3.0, 1.6666666666666667]","[0, 0, 0, 0, 0, 0]","[0, 0, 4.2, 1.4, 1.4705882352941178, 6.428571428571429]","[0, 0, 0.0, 0.8571428571428571, 5.0, 0.7777777777777778]","[0, 1, 12.6, 2.4, 1.3333333333333333, 1.0]","[0, 0, 0, 0, 0, 0]","[0, 0, 5.25, 1.25, 5.0, 4.8]","[0, 0, 4.460869565217391, 1.2521739130434781, 2.3636363636363638, 6.388888888888889]","[0, 0, 3.6, 1.4, 1.0, 0.7142857142857143]","[0, 0, 7.269230769230769, 2.019230769230769, 2.8, 4.333333333333333]","[0, 0, 0, 0, 0, 0]","[0, 0, 2.7551020408163267, 1.1632653061224492, 2.5, 1.0888888888888888]","[0, 0, 9.0, 2.1666666666666665, 2.2, 1.3333333333333333]","[0, 0, 0, 0, 0, 0]","[0, 0, 0, 0, 0, 0]","[0, 0, 0.0, 2.142857142857143, 1.0, 1.1666666666666667]","[0, 1, 4.859999999999999, 1.26, 2.6, 1.1904761904761905]"
36,2017-05-14,20170514WOSS0,"[0, 0, 4.5, 1.5833333333333333, 1.3, 1.2]","[0, 0, 6.75, 1.5, 6, 1.3333333333333333]","[0, 0, 14.4, 2.3, 0.4166666666666667, 1.25]","[0, 1, 6.267857142857143, 1.3928571428571428, 2.7777777777777777, 1.1666666666666667]","[0, 0, 0, 0, 0, 0]","[0, 0, 0, 0, 0, 0]","[0, 0, 0, 0, 0, 0]","[0, 0, 0, 0, 0, 0]","[0, 0, 0, 0, 0, 0]","[0, 0, 0, 0, 0, 0]","[0, 0, 0, 0, 0, 0]","[0, 0, 0, 0, 0, 0]","[0, 0, 10.5, 2.0, 1.6666666666666667, 4.5]","[0, 1, 5.142857142857142, 1.8571428571428572, 0.95, 1.2352941176470589]","[0, 0, 0, 0, 0, 0]","[1, 0, 8.1, 2.1, 1.8, 1.6666666666666667]","[0, 0, 0, 0, 0, 0]","[0, 0, 4.2, 1.4, 1.4705882352941178, 6.428571428571429]","[0, 0, 0.0, 0.8571428571428571, 5.0, 0.7777777777777778]","[0, 0, 12.6, 2.4, 1.3333333333333333, 1.0]","[0, 0, 0, 0, 0, 0]","[0, 0, 5.25, 1.25, 5.0, 4.8]","[0, 0, 4.460869565217391, 1.2521739130434781, 2.3636363636363638, 6.388888888888889]","[0, 0, 3.6, 1.4, 1.0, 0.7142857142857143]","[0, 0, 7.269230769230769, 2.019230769230769, 2.8, 4.333333333333333]","[0, 0, 0, 0, 0, 0]","[0, 0, 2.7551020408163267, 1.1632653061224492, 2.5, 1.0888888888888888]","[0, 1, 8.307692307692308, 2.1538461538461537, 2.4, 1.3]","[0, 0, 0, 0, 0, 0]","[0, 0, 0, 0, 0, 0]","[0, 0, 0.0, 2.142857142857143, 1.0, 1.1666666666666667]","[0, 0, 4.859999999999999, 1.26, 2.6, 1.1904761904761905]"
37,2017-05-16,20170516SSSK0,"[0, 0, 4.5, 1.5833333333333333, 1.3, 1.2]","[0, 0, 6.75, 1.5, 6, 1.3333333333333333]","[0, 0, 14.4, 2.3, 0.4166666666666667, 1.25]","[0, 0, 6.267857142857143, 1.3928571428571428, 2.7777777777777777, 1.1666666666666667]","[0, 0, 0, 0, 0, 0]","[0, 0, 0, 0, 0, 0]","[0, 0, 0, 0, 0, 0]","[0, 0, 0, 0, 0, 0]","[0, 0, 0, 0, 0, 0]","[0, 0, 0, 0, 0, 0]","[0, 0, 0, 0, 0, 0]","[0, 0, 0, 0, 0, 0]","[0, 0, 10.5, 2.0, 1.6666666666666667, 4.5]","[0, 0, 5.142857142857142, 1.8571428571428572, 0.95, 1.2352941176470589]","[0, 0, 0, 0, 0, 0]","[0, 0, 8.1, 2.1, 1.8, 1.6666666666666667]","[0, 0, 0, 0, 0, 0]","[0, 0, 4.2, 1.4, 1.4705882352941178, 6.428571428571429]","[0, 0, 0.0, 0.8571428571428571, 5.0, 0.7777777777777778]","[0, 0, 12.6, 2.4, 1.3333333333333333, 1.0]","[0, 0, 0, 0, 0, 0]","[0, 0, 5.25, 1.25, 5.0, 4.8]","[1, 0, 4.0, 1.2666666666666666, 2.5833333333333335, 6.428571428571429]","[0, 0, 3.6, 1.4, 1.0, 0.7142857142857143]","[0, 0, 7.269230769230769, 2.019230769230769, 2.8, 4.333333333333333]","[0, 0, 0, 0, 0, 0]","[0, 0, 2.7551020408163267, 1.1632653061224492, 2.5, 1.0888888888888888]","[0, 1, 7.902439024390244, 2.1219512195121952, 2.0, 1.2424242424242424]","[0, 0, 0, 0, 0, 0]","[0, 0, 0, 0, 0, 0]","[0, 0, 0.0, 2.142857142857143, 1.0, 1.1666666666666667]","[0, 1, 4.418181818181818, 1.2000000000000002, 3.0, 1.222222222222222]"
38,2017-05-17,20170517SSSK0,"[0, 0, 4.5, 1.5833333333333333, 1.3, 1.2]","[0, 0, 6.75, 1.5, 6, 1.3333333333333333]","[0, 0, 14.4, 2.3, 0.4166666666666667, 1.25]","[0, 1, 6.19672131147541, 1.3278688524590165, 3.2222222222222223, 1.196078431372549]","[0, 0, 0, 0, 0, 0]","[0, 0, 0, 0, 0, 0]","[0, 0, 0, 0, 0, 0]","[0, 0, 0, 0, 0, 0]","[0, 0, 0, 0, 0, 0]","[0, 0, 0, 0, 0, 0]","[0, 0, 0, 0, 0, 0]","[0, 0, 0, 0, 0, 0]","[0, 0, 10.5, 2.0, 1.6666666666666667, 4.5]","[0, 0, 5.142857142857142, 1.8571428571428572, 0.95, 1.2352941176470589]","[0, 0, 0, 0, 0, 0]","[0, 0, 8.1, 2.1, 1.8, 1.6666666666666667]","[0, 0, 0, 0, 0, 0]","[1, 0, 4.588235294117648, 1.392156862745098, 1.7647058823529411, 6.375]","[0, 0, 0.0, 0.8571428571428571, 5.0, 0.7777777777777778]","[0, 0, 12.6, 2.4, 1.3333333333333333, 1.0]","[0, 0, 0, 0, 0, 0]","[0, 0, 5.25, 1.25, 5.0, 4.8]","[0, 0, 4.0, 1.2666666666666666, 2.5833333333333335, 6.428571428571429]","[0, 0, 3.6, 1.4, 1.0, 0.7142857142857143]","[0, 0, 7.269230769230769, 2.019230769230769, 2.8, 4.333333333333333]","[0, 0, 0, 0, 0, 0]","[0, 0, 2.7551020408163267, 1.1632653061224492, 2.5, 1.0888888888888888]","[0, 1, 7.363636363636363, 2.0454545454545454, 2.3333333333333335, 1.222222222222222]","[0, 0, 0, 0, 0, 0]","[0, 0, 0, 0, 0, 0]","[0, 0, 0.0, 2.142857142857143, 1.0, 1.1666666666666667]","[0, 0, 4.418181818181818, 1.2000000000000002, 3.0, 1.222222222222222]"
39,2017-05-18,20170518SSSK0,"[0, 1, 3.8571428571428568, 1.5, 1.4, 1.2727272727272727]","[0, 0, 6.75, 1.5, 6, 1.3333333333333333]","[0, 0, 14.4, 2.3, 0.4166666666666667, 1.25]","[0, 0, 6.19672131147541, 1.3278688524590165, 3.2222222222222223, 1.196078431372549]","[0, 0, 0, 0, 0, 0]","[0, 1, 0, 0, 0, 0]","[0, 0, 0, 0, 0, 0]","[0, 0, 0, 0, 0, 0]","[0, 0, 0, 0, 0, 0]","[0, 0, 0, 0, 0, 0]","[0, 0, 0, 0, 0, 0]","[0, 0, 0, 0, 0, 0]","[0, 0, 10.5, 2.0, 1.6666666666666667, 4.5]","[0, 1, 4.628571428571429, 1.7142857142857144, 1.05, 1.2962962962962963]","[0, 0, 0, 0, 0, 0]","[0, 0, 8.1, 2.1, 1.8, 1.6666666666666667]","[0, 0, 0, 0, 0, 0]","[0, 0, 4.588235294117648, 1.392156862745098, 1.7647058823529411, 6.375]","[0, 0, 0.0, 0.8571428571428571, 5.0, 0.7777777777777778]","[0, 0, 12.6, 2.4, 1.3333333333333333, 1.0]","[0, 0, 0, 0, 0, 0]","[0, 0, 5.25, 1.25, 5.0, 4.8]","[0, 0, 4.0, 1.2666666666666666, 2.5833333333333335, 6.428571428571429]","[0, 0, 3.6, 1.4, 1.0, 0.7142857142857143]","[0, 0, 7.269230769230769, 2.019230769230769, 2.8, 4.333333333333333]","[0, 0, 0, 0, 0, 0]","[1, 0, 2.417910447761194, 1.119402985074627, 2.5, 1.3958333333333333]","[0, 0, 7.363636363636363, 2.0454545454545454, 2.3333333333333335, 1.222222222222222]","[0, 0, 0, 0, 0, 0]","[0, 0, 0, 0, 0, 0]","[0, 0, 0.0, 2.142857142857143, 1.0, 1.1666666666666667]","[0, 1, 4.189655172413794, 1.1379310344827587, 3.0, 1.2083333333333333]"
40,2017-05-19,20170519SSHH0,"[0, 0, 3.8571428571428568, 1.5, 1.4, 1.2727272727272727]","[0, 0, 6.75, 1.5, 6, 1.3333333333333333]","[0, 0, 14.4, 2.3, 0.4166666666666667, 1.25]","[0, 1, 5.90625, 1.3125, 3.0, 1.1851851851851851]","[0, 0, 0, 0, 0, 0]","[0, 0, 0, 0, 0, 0]","[0, 0, 0, 0, 0, 0]","[0, 0, 0, 0, 0, 0]","[0, 0, 0, 0, 0, 0]","[0, 0, 0, 0, 0, 0]","[0, 0, 0, 0, 0, 0]","[0, 0, 0, 0, 0, 0]","[0, 0, 10.5, 2.0, 1.6666666666666667, 4.5]","[0, 0, 4.628571428571429, 1.7142857142857144, 1.05, 1.2962962962962963]","[0, 0, 0, 0, 0, 0]","[0, 0, 8.1, 2.1, 1.8, 1.6666666666666667]","[0, 0, 0, 0, 0, 0]","[0, 0, 4.588235294117648, 1.392156862745098, 1.7647058823529411, 6.375]","[0, 0, 0.0, 0.8571428571428571, 5.0, 0.7777777777777778]","[0, 0, 12.6, 2.4, 1.3333333333333333, 1.0]","[0, 0, 0, 0, 0, 0]","[1, 0, 5.785714285714286, 1.4285714285714286, 4.2, 4.666666666666667]","[0, 0, 4.0, 1.2666666666666666, 2.5833333333333335, 6.428571428571429]","[0, 0, 3.6, 1.4, 1.0, 0.7142857142857143]","[0, 0, 7.269230769230769, 2.019230769230769, 2.8, 4.333333333333333]","[0, 0, 0, 0, 0, 0]","[0, 0, 2.417910447761194, 1.119402985074627, 2.5, 1.3958333333333333]","[0, 1, 6.612244897959184, 1.8979591836734695, 2.4285714285714284, 1.2564102564102564]","[0, 0, 0, 0, 0, 0]","[0, 0, 0, 0, 0, 0]","[0, 0, 0.0, 2.142857142857143, 1.0, 1.1666666666666667]","[0, 0, 4.189655172413794, 1.1379310344827587, 3.0, 1.2083333333333333]"
41,2017-05-20,20170520SSHH0,"[0, 1, 3.7674418604651163, 1.5348837209302324, 1.5, 1.1944444444444444]","[0, 0, 6.75, 1.5, 6, 1.3333333333333333]","[0, 1, 13.186046511627907, 2.093023255813953, 0.5833333333333334, 1.5925925925925926]","[0, 1, 5.641791044776119, 1.2537313432835822, 3.2, 1.175438596491228]","[0, 0, 0, 0, 0, 0]","[0, 0, 0, 0, 0, 0]","[0, 0, 0, 0, 0, 0]","[0, 0, 0, 0, 0, 0]","[0, 0, 0, 0, 0, 0]","[0, 0, 0, 0, 0, 0]","[0, 0, 0, 0, 0, 0]","[0, 0, 0, 0, 0, 0]","[0, 0, 10.5, 2.0, 1.6666666666666667, 4.5]","[0, 1, 5.625, 1.75, 1.0, 1.263157894736842]","[0, 0, 0, 0, 0, 0]","[1, 0, 7.363636363636363, 2.0, 2.0, 2.2]","[0, 0, 0, 0, 0, 0]","[0, 0, 4.588235294117648, 1.392156862745098, 1.7647058823529411, 6.375]","[0, 0, 0.0, 0.8571428571428571, 5.0, 0.7777777777777778]","[0, 0, 12.6, 2.4, 1.3333333333333333, 1.0]","[0, 0, 0, 0, 0, 0]","[0, 0, 5.785714285714286, 1.4285714285714286, 4.2, 4.666666666666667]","[0, 0, 4.0, 1.2666666666666666, 2.5833333333333335, 6.428571428571429]","[0, 0, 3.6, 1.4, 1.0, 0.7142857142857143]","[0, 0, 7.269230769230769, 2.019230769230769, 2.8, 4.333333333333333]","[0, 0, 0, 0, 0, 0]","[0, 0, 2.417910447761194, 1.119402985074627, 2.5, 1.3958333333333333]","[0, 0, 6.612244897959184, 1.8979591836734695, 2.4285714285714284, 1.2564102564102564]","[0, 0, 0, 0, 0, 0]","[0, 0, 0, 0, 0, 0]","[0, 0, 0.0, 2.142857142857143, 1.0, 1.1666666666666667]","[0, 0, 4.189655172413794, 1.1379310344827587, 3.0, 1.2083333333333333]"
42,2017-05-21,20170521SSHH0,"[0, 1, 3.375, 1.5625, 1.6363636363636365, 1.2307692307692308]","[0, 0, 6.75, 1.5, 6, 1.3333333333333333]","[0, 1, 12.9375, 2.125, 0.6666666666666666, 1.6]","[0, 1, 5.704225352112676, 1.3098591549295775, 3.090909090909091, 1.1833333333333333]","[0, 0, 0, 0, 0, 0]","[0, 0, 0, 0, 0, 0]","[0, 0, 0, 0, 0, 0]","[0, 0, 0, 0, 0, 0]","[0, 0, 0, 0, 0, 0]","[0, 0, 0, 0, 0, 0]","[0, 0, 0, 0, 0, 0]","[0, 0, 0, 0, 0, 0]","[0, 0, 10.5, 2.0, 1.6666666666666667, 4.5]","[0, 1, 5.837837837837839, 1.7837837837837838, 1.0476190476190477, 1.2333333333333334]","[0, 0, 0, 0, 0, 0]","[0, 0, 7.363636363636363, 2.0, 2.0, 2.2]","[0, 0, 0, 0, 0, 0]","[0, 0, 4.588235294117648, 1.392156862745098, 1.7647058823529411, 6.375]","[0, 0, 0.0, 0.8571428571428571, 5.0, 0.7777777777777778]","[0, 0, 12.6, 2.4, 1.3333333333333333, 1.0]","[0, 0, 0, 0, 0, 0]","[0, 0, 5.785714285714286, 1.4285714285714286, 4.2, 4.666666666666667]","[1, 0, 3.8076923076923075, 1.2115384615384615, 2.6, 6.5]","[0, 0, 3.6, 1.4, 1.0, 0.7142857142857143]","[0, 0, 7.269230769230769, 2.019230769230769, 2.8, 4.333333333333333]","[0, 0, 0, 0, 0, 0]","[0, 0, 2.417910447761194, 1.119402985074627, 2.5, 1.3958333333333333]","[0, 1, 5.890909090909091, 1.8545454545454547, 2.111111111111111, 1.3095238095238095]","[0, 0, 0, 0, 0, 0]","[0, 0, 0, 0, 0, 0]","[0, 0, 0.0, 2.142857142857143, 1.0, 1.1666666666666667]","[0, 1, 3.983606557377049, 1.0819672131147542, 3.0, 1.196078431372549]"
43,2017-05-23,20170523KTSS0,"[0, 0, 3.375, 1.5625, 1.6363636363636365, 1.2307692307692308]","[0, 0, 6.75, 1.5, 6, 1.3333333333333333]","[0, 1, 14.062500000000002, 2.25, 0.6666666666666666, 1.4545454545454546]","[0, 0, 5.704225352112676, 1.3098591549295775, 3.090909090909091, 1.1833333333333333]","[0, 0, 0, 0, 0, 0]","[0, 1, 0.0, 2.0, 1, 1.0]","[0, 0, 0, 0, 0, 0]","[0, 0, 0, 0, 0, 0]","[0, 0, 0, 0, 0, 0]","[0, 0, 0, 0, 0, 0]","[0, 0, 0, 0, 0, 0]","[0, 0, 0, 0, 0, 0]","[0, 0, 10.5, 2.0, 1.6666666666666667, 4.5]","[0, 0, 5.837837837837839, 1.7837837837837838, 1.0476190476190477, 1.2333333333333334]","[0, 0, 0, 0, 0, 0]","[0, 0, 7.363636363636363, 2.0, 2.0, 2.2]","[0, 0, 0, 0, 0, 0]","[1, 0, 4.395348837209303, 1.3604651162790697, 1.8333333333333333, 6.37037037037037]","[0, 0, 0.0, 0.8571428571428571, 5.0, 0.7777777777777778]","[0, 1, 10.5, 2.3333333333333335, 1.6666666666666667, 1.0]","[0, 0, 0, 0, 0, 0]","[0, 0, 5.785714285714286, 1.4285714285714286, 4.2, 4.666666666666667]","[0, 0, 3.8076923076923075, 1.2115384615384615, 2.6, 6.5]","[0, 0, 3.6, 1.4, 1.0, 0.7142857142857143]","[0, 0, 7.269230769230769, 2.019230769230769, 2.8, 4.333333333333333]","[0, 0, 0, 0, 0, 0]","[0, 0, 2.417910447761194, 1.119402985074627, 2.5, 1.3958333333333333]","[0, 0, 5.890909090909091, 1.8545454545454547, 2.111111111111111, 1.3095238095238095]","[0, 0, 0, 0, 0, 0]","[0, 0, 0, 0, 0, 0]","[0, 0, 0.0, 2.142857142857143, 1.0, 1.1666666666666667]","[0, 0, 3.983606557377049, 1.0819672131147542, 3.0, 1.196078431372549]"
44,2017-05-24,20170524KTSS0,"[0, 1, 3.2399999999999998, 1.6199999999999999, 1.4615384615384615, 1.1904761904761905]","[0, 0, 6.75, 1.5, 6, 1.3333333333333333]","[0, 0, 14.062500000000002, 2.25, 0.6666666666666666, 1.4545454545454546]","[0, 1, 5.760000000000001, 1.28, 3.1818181818181817, 1.1904761904761905]","[0, 0, 0, 0, 0, 0]","[0, 0, 0.0, 2.0, 1, 1.0]","[0, 0, 0, 0, 0, 0]","[0, 0, 0, 0, 0, 0]","[0, 0, 0, 0, 0, 0]","[0, 0, 0, 0, 0, 0]","[0, 0, 0, 0, 0, 0]","[0, 0, 0, 0, 0, 0]","[0, 0, 10.5, 2.0, 1.6666666666666667, 4.5]","[0, 1, 5.6103896103896105, 1.7142857142857142, 1.0952380952380953, 1.2222222222222223]","[0, 0, 0, 0, 0, 0]","[0, 0, 7.363636363636363, 2.0, 2.0, 2.2]","[1, 0, 0, 0, 0, 0]","[0, 0, 4.395348837209303, 1.3604651162790697, 1.8333333333333333, 6.37037037037037]","[0, 0, 0.0, 0.8571428571428571, 5.0, 0.7777777777777778]","[0, 0, 10.5, 2.3333333333333335, 1.6666666666666667, 1.0]","[0, 0, 0, 0, 0, 0]","[0, 0, 5.785714285714286, 1.4285714285714286, 4.2, 4.666666666666667]","[0, 0, 3.8076923076923075, 1.2115384615384615, 2.6, 6.5]","[0, 0, 3.6, 1.4, 1.0, 0.7142857142857143]","[0, 0, 7.269230769230769, 2.019230769230769, 2.8, 4.333333333333333]","[0, 0, 0, 0, 0, 0]","[0, 0, 2.417910447761194, 1.119402985074627, 2.5, 1.3958333333333333]","[0, 1, 6.3, 1.9, 2.3333333333333335, 1.3333333333333333]","[0, 0, 0, 0, 0, 0]","[0, 0, 0, 0, 0, 0]","[0, 0, 0.0, 2.142857142857143, 1.0, 1.1666666666666667]","[0, 1, 4.090909090909091, 1.0909090909090908, 3.6, 1.2222222222222223]"
45,2017-05-25,20170525KTSS0,"[0, 1, 3.1153846153846154, 1.6153846153846154, 1.4615384615384615, 1.1555555555555554]","[0, 0, 6.75, 1.5, 6, 1.3333333333333333]","[0, 0, 14.062500000000002, 2.25, 0.6666666666666666, 1.4545454545454546]","[0, 1, 5.468354430379747, 1.2531645569620253, 3.5454545454545454, 1.196969696969697]","[0, 0, 0, 0, 0, 0]","[0, 0, 0.0, 2.0, 1, 1.0]","[0, 0, 0, 0, 0, 0]","[0, 0, 0, 0, 0, 0]","[0, 0, 0, 0, 0, 0]","[0, 0, 0, 0, 0, 0]","[0, 0, 0, 0, 0, 0]","[0, 0, 0, 0, 0, 0]","[0, 0, 10.5, 2.0, 1.6666666666666667, 4.5]","[0, 0, 5.6103896103896105, 1.7142857142857142, 1.0952380952380953, 1.2222222222222223]","[0, 0, 0, 0, 0, 0]","[0, 0, 7.363636363636363, 2.0, 2.0, 2.2]","[0, 0, 0, 0, 0, 0]","[0, 0, 4.395348837209303, 1.3604651162790697, 1.8333333333333333, 6.37037037037037]","[0, 0, 0.0, 0.8571428571428571, 5.0, 0.7777777777777778]","[0, 0, 10.5, 2.3333333333333335, 1.6666666666666667, 1.0]","[0, 0, 0, 0, 0, 0]","[1, 0, 5.029411764705882, 1.3823529411764706, 5.4, 4.857142857142857]","[0, 0, 3.8076923076923075, 1.2115384615384615, 2.6, 6.5]","[0, 0, 3.6, 1.4, 1.0, 0.7142857142857143]","[0, 0, 7.269230769230769, 2.019230769230769, 2.8, 4.333333333333333]","[0, 0, 0, 0, 0, 0]","[0, 0, 2.417910447761194, 1.119402985074627, 2.5, 1.3958333333333333]","[0, 0, 6.3, 1.9, 2.3333333333333335, 1.3333333333333333]","[0, 0, 0, 0, 0, 0]","[0, 0, 0, 0, 0, 0]","[0, 0, 0.0, 2.142857142857143, 1.0, 1.1666666666666667]","[0, 0, 4.090909090909091, 1.0909090909090908, 3.6, 1.2222222222222223]"
46,2017-05-26,20170526SSWO0,"[0, 0, 3.1153846153846154, 1.6153846153846154, 1.4615384615384615, 1.1555555555555554]","[0, 0, 6.75, 1.5, 6, 1.3333333333333333]","[0, 0, 14.062500000000002, 2.25, 0.6666666666666666, 1.4545454545454546]","[0, 0, 5.468354430379747, 1.2531645569620253, 3.5454545454545454, 1.196969696969697]","[0, 0, 0, 0, 0, 0]","[0, 0, 0.0, 2.0, 1, 1.0]","[0, 0, 0, 0, 0, 0]","[0, 0, 0, 0, 0, 0]","[0, 1, 0, 0, 0, 0]","[0, 0, 0, 0, 0, 0]","[0, 0, 0, 0, 0, 0]","[0, 0, 0, 0, 0, 0]","[0, 0, 10.5, 2.0, 1.6666666666666667, 4.5]","[0, 0, 5.6103896103896105, 1.7142857142857142, 1.0952380952380953, 1.2222222222222223]","[0, 0, 0, 0, 0, 0]","[0, 0, 7.363636363636363, 2.0, 2.0, 2.2]","[0, 0, 0, 0, 0, 0]","[0, 0, 4.395348837209303, 1.3604651162790697, 1.8333333333333333, 6.37037037037037]","[0, 0, 0.0, 0.8571428571428571, 5.0, 0.7777777777777778]","[0, 1, 10.125, 2.25, 1.5, 1.1428571428571428]","[0, 0, 0, 0, 0, 0]","[0, 0, 5.029411764705882, 1.3823529411764706, 5.4, 4.857142857142857]","[0, 0, 3.8076923076923075, 1.2115384615384615, 2.6, 6.5]","[0, 0, 3.6, 1.4, 1.0, 0.7142857142857143]","[0, 0, 7.269230769230769, 2.019230769230769, 2.8, 4.333333333333333]","[0, 0, 0, 0, 0, 0]","[1, 0, 2.304878048780488, 1.2439024390243902, 2.5454545454545454, 1.6078431372549018]","[0, 0, 6.3, 1.9, 2.3333333333333335, 1.3333333333333333]","[0, 1, 0, 0, 0, 0]","[0, 0, 0, 0, 0, 0]","[0, 0, 0.0, 2.142857142857143, 1.0, 1.1666666666666667]","[0, 0, 4.090909090909091, 1.0909090909090908, 3.6, 1.2222222222222223]"
47,2017-05-27,20170527SSWO0,"[0, 0, 3.1153846153846154, 1.6153846153846154, 1.4615384615384615, 1.1555555555555554]","[0, 1, 6.75, 1.5, 8, 1.3333333333333335]","[0, 0, 14.062500000000002, 2.25, 0.6666666666666666, 1.4545454545454546]","[0, 1, 5.333333333333333, 1.2222222222222223, 3.6363636363636362, 1.173913043478261]","[0, 0, 0, 0, 0, 0]","[0, 0, 0.0, 2.0, 1, 1.0]","[0, 0, 0, 0, 0, 0]","[0, 0, 0, 0, 0, 0]","[0, 0, 0, 0, 0, 0]","[0, 0, 0, 0, 0, 0]","[0, 0, 0, 0, 0, 0]","[0, 0, 0, 0, 0, 0]","[1, 0, 12.15, 2.1, 1.7272727272727273, 4.0]","[0, 1, 5.7375, 1.7249999999999999, 1.1428571428571428, 1.2121212121212122]","[0, 0, 0, 0, 0, 0]","[0, 0, 7.363636363636363, 2.0, 2.0, 2.2]","[0, 0, 0, 0, 0, 0]","[0, 0, 4.395348837209303, 1.3604651162790697, 1.8333333333333333, 6.37037037037037]","[0, 0, 0.0, 0.8571428571428571, 5.0, 0.7777777777777778]","[0, 0, 10.125, 2.25, 1.5, 1.1428571428571428]","[0, 0, 0, 0, 0, 0]","[0, 0, 5.029411764705882, 1.3823529411764706, 5.4, 4.857142857142857]","[0, 0, 3.8076923076923075, 1.2115384615384615, 2.6, 6.5]","[0, 0, 3.6, 1.4, 1.0, 0.7142857142857143]","[0, 0, 7.269230769230769, 2.019230769230769, 2.8, 4.333333333333333]","[0, 0, 0, 0, 0, 0]","[0, 0, 2.304878048780488, 1.2439024390243902, 2.5454545454545454, 1.6078431372549018]","[0, 0, 6.3, 1.9, 2.3333333333333335, 1.3333333333333333]","[0, 0, 0, 0, 0, 0]","[0, 0, 0, 0, 0, 0]","[0, 0, 0.0, 2.142857142857143, 1.0, 1.1666666666666667]","[0, 0, 4.090909090909091, 1.0909090909090908, 3.6, 1.2222222222222223]"
48,2017-05-28,20170528SSWO0,"[0, 0, 3.1153846153846154, 1.6153846153846154, 1.4615384615384615, 1.1555555555555554]","[0, 0, 6.75, 1.5, 8, 1.3333333333333335]","[0, 0, 14.062500000000002, 2.25, 0.6666666666666666, 1.4545454545454546]","[0, 0, 5.333333333333333, 1.2222222222222223, 3.6363636363636362, 1.173913043478261]","[0, 0, 0, 0, 0, 0]","[0, 0, 0.0, 2.0, 1, 1.0]","[0, 0, 0, 0, 0, 0]","[0, 0, 0, 0, 0, 0]","[0, 0, 0, 0, 0, 0]","[0, 0, 0, 0, 0, 0]","[0, 0, 0, 0, 0, 0]","[0, 0, 0, 0, 0, 0]","[0, 0, 12.15, 2.1, 1.7272727272727273, 4.0]","[0, 0, 5.7375, 1.7249999999999999, 1.1428571428571428, 1.2121212121212122]","[0, 0, 0, 0, 0, 0]","[0, 0, 7.363636363636363, 2.0, 2.0, 2.2]","[0, 0, 0, 0, 0, 0]","[1, 0, 5.0163934426229515, 1.459016393442623, 1.6818181818181819, 6.1]","[0, 0, 0.0, 0.8571428571428571, 5.0, 0.7777777777777778]","[0, 0, 10.125, 2.25, 1.5, 1.1428571428571428]","[0, 0, 0, 0, 0, 0]","[0, 0, 5.029411764705882, 1.3823529411764706, 5.4, 4.857142857142857]","[0, 0, 3.8076923076923075, 1.2115384615384615, 2.6, 6.5]","[0, 0, 3.6, 1.4, 1.0, 0.7142857142857143]","[0, 1, 8.844827586206897, 2.1724137931034484, 2.2857142857142856, 3.8666666666666663]","[0, 0, 0, 0, 0, 0]","[0, 0, 2.304878048780488, 1.2439024390243902, 2.5454545454545454, 1.6078431372549018]","[0, 1, 6.328125, 1.875, 2.3333333333333335, 1.3333333333333333]","[0, 0, 0, 0, 0, 0]","[0, 0, 0, 0, 0, 0]","[0, 0, 0.0, 2.142857142857143, 1.0, 1.1666666666666667]","[0, 0, 4.090909090909091, 1.0909090909090908, 3.6, 1.2222222222222223]"
49,2017-05-30,20170530LTSS0,"[0, 0, 3.1153846153846154, 1.6153846153846154, 1.4615384615384615, 1.1555555555555554]","[0, 0, 6.75, 1.5, 8, 1.3333333333333335]","[0, 0, 14.062500000000002, 2.25, 0.6666666666666666, 1.4545454545454546]","[0, 0, 5.333333333333333, 1.2222222222222223, 3.6363636363636362, 1.173913043478261]","[0, 0, 0, 0, 0, 0]","[0, 0, 0.0, 2.0, 1, 1.0]","[0, 0, 0, 0, 0, 0]","[0, 0, 0, 0, 0, 0]","[0, 0, 0, 0, 0, 0]","[0, 0, 0, 0, 0, 0]","[0, 0, 0, 0, 0, 0]","[0, 0, 0, 0, 0, 0]","[0, 0, 12.15, 2.1, 1.7272727272727273, 4.0]","[0, 1, 6.180722891566265, 1.8433734939759034, 1.0434782608695652, 1.2028985507246377]","[0, 0, 0, 0, 0, 0]","[0, 0, 7.363636363636363, 2.0, 2.0, 2.2]","[0, 0, 0, 0, 0, 0]","[0, 0, 5.0163934426229515, 1.459016393442623, 1.6818181818181819, 6.1]","[0, 0, 0.0, 0.8571428571428571, 5.0, 0.7777777777777778]","[0, 0, 10.125, 2.25, 1.5, 1.1428571428571428]","[0, 0, 0, 0, 0, 0]","[0, 0, 5.029411764705882, 1.3823529411764706, 5.4, 4.857142857142857]","[1, 0, 3.786585365853659, 1.2621951219512195, 2.625, 6.0740740740740735]","[0, 0, 3.6, 1.4, 1.0, 0.7142857142857143]","[0, 1, 8.274193548387096, 2.225806451612903, 2.5, 3.4444444444444446]","[0, 0, 0, 0, 0, 0]","[0, 0, 2.304878048780488, 1.2439024390243902, 2.5454545454545454, 1.6078431372549018]","[0, 0, 6.328125, 1.875, 2.3333333333333335, 1.3333333333333333]","[0, 0, 0, 0, 0, 0]","[0, 0, 0, 0, 0, 0]","[0, 0, 0.0, 2.142857142857143, 1.0, 1.1666666666666667]","[0, 0, 4.090909090909091, 1.0909090909090908, 3.6, 1.2222222222222223]"
50,2017-05-31,20170531LTSS0,"[0, 1, 4.673076923076923, 1.7884615384615385, 1.3571428571428572, 1.0833333333333333]","[0, 0, 6.75, 1.5, 8, 1.3333333333333335]","[0, 0, 14.062500000000002, 2.25, 0.6666666666666666, 1.4545454545454546]","[0, 1, 5.785714285714286, 1.2857142857142858, 3.8181818181818183, 1.1666666666666667]","[0, 0, 0, 0, 0, 0]","[0, 0, 0.0, 2.0, 1, 1.0]","[0, 0, 0, 0, 0, 0]","[0, 0, 0, 0, 0, 0]","[0, 0, 0, 0, 0, 0]","[0, 0, 0, 0, 0, 0]","[0, 0, 0, 0, 0, 0]","[0, 0, 0, 0, 0, 0]","[0, 0, 12.15, 2.1, 1.7272727272727273, 4.0]","[0, 0, 6.180722891566265, 1.8433734939759034, 1.0434782608695652, 1.2028985507246377]","[0, 0, 0, 0, 0, 0]","[0, 0, 7.363636363636363, 2.0, 2.0, 2.2]","[1, 0, 5.4, 1.2, 1.0, 5.0]","[0, 0, 5.0163934426229515, 1.459016393442623, 1.6818181818181819, 6.1]","[0, 0, 0.0, 0.8571428571428571, 5.0, 0.7777777777777778]","[0, 0, 10.125, 2.25, 1.5, 1.1428571428571428]","[0, 0, 0, 0, 0, 0]","[0, 0, 5.029411764705882, 1.3823529411764706, 5.4, 4.857142857142857]","[0, 0, 3.786585365853659, 1.2621951219512195, 2.625, 6.0740740740740735]","[0, 0, 3.6, 1.4, 1.0, 0.7142857142857143]","[0, 1, 7.772727272727273, 2.090909090909091, 2.625, 3.142857142857143]","[0, 0, 0, 0, 0, 0]","[0, 0, 2.304878048780488, 1.2439024390243902, 2.5454545454545454, 1.6078431372549018]","[0, 0, 6.328125, 1.875, 2.3333333333333335, 1.3333333333333333]","[0, 0, 0, 0, 0, 0]","[0, 0, 0, 0, 0, 0]","[0, 0, 0.0, 2.142857142857143, 1.0, 1.1666666666666667]","[0, 0, 4.090909090909091, 1.0909090909090908, 3.6, 1.2222222222222223]"
51,2017-06-01,20170601LTSS0,"[0, 0, 4.673076923076923, 1.7884615384615385, 1.3571428571428572, 1.0833333333333333]","[0, 0, 6.75, 1.5, 8, 1.3333333333333335]","[0, 0, 14.062500000000002, 2.25, 0.6666666666666666, 1.4545454545454546]","[0, 0, 5.785714285714286, 1.2857142857142858, 3.8181818181818183, 1.1666666666666667]","[0, 0, 0, 0, 0, 0]","[0, 0, 0.0, 2.0, 1, 1.0]","[0, 0, 0, 0, 0, 0]","[0, 0, 0, 0, 0, 0]","[0, 0, 0, 0, 0, 0]","[0, 0, 0, 0, 0, 0]","[0, 0, 0, 0, 0, 0]","[0, 0, 0, 0, 0, 0]","[0, 1, 10.44, 2.04, 1.6428571428571428, 4.166666666666667]","[0, 0, 6.180722891566265, 1.8433734939759034, 1.0434782608695652, 1.2028985507246377]","[0, 0, 0, 0, 0, 0]","[0, 0, 7.363636363636363, 2.0, 2.0, 2.2]","[0, 0, 5.4, 1.2, 1.0, 5.0]","[0, 0, 5.0163934426229515, 1.459016393442623, 1.6818181818181819, 6.1]","[0, 0, 0.0, 0.8571428571428571, 5.0, 0.7777777777777778]","[0, 0, 10.125, 2.25, 1.5, 1.1428571428571428]","[0, 0, 0, 0, 0, 0]","[1, 0, 4.251968503937007, 1.2283464566929134, 5.428571428571429, 5.291666666666667]","[0, 0, 3.786585365853659, 1.2621951219512195, 2.625, 6.0740740740740735]","[0, 0, 3.6, 1.4, 1.0, 0.7142857142857143]","[0, 0, 7.772727272727273, 2.090909090909091, 2.625, 3.142857142857143]","[0, 0, 0, 0, 0, 0]","[0, 0, 2.304878048780488, 1.2439024390243902, 2.5454545454545454, 1.6078431372549018]","[0, 0, 6.328125, 1.875, 2.3333333333333335, 1.3333333333333333]","[0, 0, 0, 0, 0, 0]","[0, 0, 0, 0, 0, 0]","[0, 1, 7.9411764705882355, 2.6470588235294117, 0.2, 1.888888888888889]","[0, 0, 4.090909090909091, 1.0909090909090908, 3.6, 1.2222222222222223]"
52,2017-06-02,20170602HTSS0,"[0, 0, 4.673076923076923, 1.7884615384615385, 1.3571428571428572, 1.0833333333333333]","[0, 0, 6.75, 1.5, 8, 1.3333333333333335]","[0, 0, 14.062500000000002, 2.25, 0.6666666666666666, 1.4545454545454546]","[0, 0, 5.785714285714286, 1.2857142857142858, 3.8181818181818183, 1.1666666666666667]","[0, 0, 0, 0, 0, 0]","[0, 0, 0.0, 2.0, 1, 1.0]","[0, 0, 0, 0, 0, 0]","[0, 0, 0, 0, 0, 0]","[0, 0, 0, 0, 0, 0]","[0, 0, 0, 0, 0, 0]","[0, 0, 0, 0, 0, 0]","[0, 0, 0, 0, 0, 0]","[0, 1, 10.038461538461538, 1.9615384615384615, 1.6428571428571428, 3.7142857142857144]","[0, 0, 6.180722891566265, 1.8433734939759034, 1.0434782608695652, 1.2028985507246377]","[0, 0, 0, 0, 0, 0]","[0, 0, 7.363636363636363, 2.0, 2.0, 2.2]","[0, 0, 5.4, 1.2, 1.0, 5.0]","[0, 0, 5.0163934426229515, 1.459016393442623, 1.6818181818181819, 6.1]","[0, 0, 0.0, 0.8571428571428571, 5.0, 0.7777777777777778]","[0, 0, 10.125, 2.25, 1.5, 1.1428571428571428]","[0, 0, 0, 0, 0, 0]","[0, 0, 4.251968503937007, 1.2283464566929134, 5.428571428571429, 5.291666666666667]","[0, 0, 3.786585365853659, 1.2621951219512195, 2.625, 6.0740740740740735]","[0, 0, 3.6, 1.4, 1.0, 0.7142857142857143]","[0, 0, 7.772727272727273, 2.090909090909091, 2.625, 3.142857142857143]","[0, 0, 0, 0, 0, 0]","[1, 0, 3.8571428571428568, 1.4835164835164836, 2.230769230769231, 1.6851851851851851]","[0, 1, 5.869565217391304, 1.826086956521739, 2.5555555555555554, 1.3529411764705883]","[0, 0, 0, 0, 0, 0]","[0, 0, 0, 0, 0, 0]","[0, 0, 7.9411764705882355, 2.6470588235294117, 0.2, 1.888888888888889]","[0, 0, 4.090909090909091, 1.0909090909090908, 3.6, 1.2222222222222223]"
53,2017-06-03,20170603HTSS0,"[0, 1, 4.821428571428571, 1.7678571428571428, 1.3333333333333333, 1.0980392156862746]","[0, 0, 6.75, 1.5, 8, 1.3333333333333335]","[0, 0, 14.062500000000002, 2.25, 0.6666666666666666, 1.4545454545454546]","[0, 0, 5.785714285714286, 1.2857142857142858, 3.8181818181818183, 1.1666666666666667]","[0, 0, 0, 0, 0, 0]","[0, 0, 0.0, 2.0, 1, 1.0]","[0, 0, 0, 0, 0, 0]","[0, 0, 0, 0, 0, 0]","[0, 0, 0, 0, 0, 0]","[0, 0, 0, 0, 0, 0]","[0, 0, 0, 0, 0, 0]","[0, 0, 0, 0, 0, 0]","[0, 0, 10.038461538461538, 1.9615384615384615, 1.6428571428571428, 3.7142857142857144]","[0, 1, 6.035294117647059, 1.8705882352941177, 1.0, 1.1805555555555556]","[0, 0, 0, 0, 0, 0]","[1, 0, 7.9772727272727275, 2.25, 1.0, 2.444444444444444]","[0, 0, 5.4, 1.2, 1.0, 5.0]","[0, 0, 5.0163934426229515, 1.459016393442623, 1.6818181818181819, 6.1]","[0, 0, 0.0, 0.8571428571428571, 5.0, 0.7777777777777778]","[0, 0, 10.125, 2.25, 1.5, 1.1428571428571428]","[0, 0, 0, 0, 0, 0]","[0, 0, 4.251968503937007, 1.2283464566929134, 5.428571428571429, 5.291666666666667]","[0, 0, 3.786585365853659, 1.2621951219512195, 2.625, 6.0740740740740735]","[0, 0, 3.6, 1.4, 1.0, 0.7142857142857143]","[0, 1, 8.217391304347826, 2.130434782608696, 2.4444444444444446, 2.875]","[0, 0, 0, 0, 0, 0]","[0, 0, 3.8571428571428568, 1.4835164835164836, 2.230769230769231, 1.6851851851851851]","[0, 0, 5.869565217391304, 1.826086956521739, 2.5555555555555554, 1.3529411764705883]","[0, 0, 0, 0, 0, 0]","[0, 0, 0, 0, 0, 0]","[0, 0, 7.9411764705882355, 2.6470588235294117, 0.2, 1.888888888888889]","[0, 0, 4.090909090909091, 1.0909090909090908, 3.6, 1.2222222222222223]"
54,2017-06-04,20170604HTSS0,"[0, 1, 4.576271186440678, 1.7796610169491525, 1.1764705882352942, 1.0925925925925926]","[0, 1, 7.043478260869565, 1.5652173913043477, 8.0, 1.277777777777778]","[0, 0, 14.062500000000002, 2.25, 0.6666666666666666, 1.4545454545454546]","[0, 0, 5.785714285714286, 1.2857142857142858, 3.8181818181818183, 1.1666666666666667]","[0, 0, 0, 0, 0, 0]","[0, 0, 0.0, 2.0, 1, 1.0]","[0, 0, 0, 0, 0, 0]","[0, 0, 0, 0, 0, 0]","[0, 0, 0, 0, 0, 0]","[0, 0, 0, 0, 0, 0]","[0, 0, 0, 0, 0, 0]","[0, 0, 0, 0, 0, 0]","[0, 0, 10.038461538461538, 1.9615384615384615, 1.6428571428571428, 3.7142857142857144]","[0, 0, 6.035294117647059, 1.8705882352941177, 1.0, 1.1805555555555556]","[0, 0, 0, 0, 0, 0]","[0, 0, 7.9772727272727275, 2.25, 1.0, 2.444444444444444]","[0, 0, 5.4, 1.2, 1.0, 5.0]","[0, 0, 5.0163934426229515, 1.459016393442623, 1.6818181818181819, 6.1]","[0, 0, 0.0, 0.8571428571428571, 5.0, 0.7777777777777778]","[0, 0, 10.125, 2.25, 1.5, 1.1428571428571428]","[0, 0, 0, 0, 0, 0]","[0, 0, 4.251968503937007, 1.2283464566929134, 5.428571428571429, 5.291666666666667]","[1, 0, 3.502702702702703, 1.2162162162162162, 2.875, 6.166666666666666]","[0, 0, 3.6, 1.4, 1.0, 0.7142857142857143]","[0, 0, 8.217391304347826, 2.130434782608696, 2.4444444444444446, 2.875]","[0, 0, 0, 0, 0, 0]","[0, 0, 3.8571428571428568, 1.4835164835164836, 2.230769230769231, 1.6851851851851851]","[0, 0, 5.869565217391304, 1.826086956521739, 2.5555555555555554, 1.3529411764705883]","[0, 0, 0, 0, 0, 0]","[0, 0, 0, 0, 0, 0]","[0, 1, 6.75, 2.55, 0.16666666666666666, 1.6666666666666667]","[0, 0, 4.090909090909091, 1.0909090909090908, 3.6, 1.2222222222222223]"
55,2017-06-06,20170606SSOB0,"[0, 0, 4.576271186440678, 1.7796610169491525, 1.1764705882352942, 1.0925925925925926]","[0, 0, 7.043478260869565, 1.5652173913043477, 8.0, 1.277777777777778]","[0, 0, 14.062500000000002, 2.25, 0.6666666666666666, 1.4545454545454546]","[0, 1, 5.522727272727273, 1.2613636363636365, 3.909090909090909, 1.1733333333333333]","[0, 1, 0, 0, 0, 0]","[0, 0, 0.0, 2.0, 1, 1.0]","[0, 0, 0, 0, 0, 0]","[0, 0, 0, 0, 0, 0]","[0, 0, 0, 0, 0, 0]","[0, 0, 0, 0, 0, 0]","[0, 0, 0, 0, 0, 0]","[0, 0, 0, 0, 0, 0]","[0, 0, 10.038461538461538, 1.9615384615384615, 1.6428571428571428, 3.7142857142857144]","[0, 1, 6.3, 1.9666666666666666, 0.96, 1.2]","[0, 0, 0, 0, 0, 0]","[0, 0, 7.9772727272727275, 2.25, 1.0, 2.444444444444444]","[1, 0, 3.4838709677419355, 1.5483870967741935, 0.5555555555555556, 5.166666666666667]","[0, 0, 5.0163934426229515, 1.459016393442623, 1.6818181818181819, 6.1]","[0, 0, 0.0, 0.8571428571428571, 5.0, 0.7777777777777778]","[0, 0, 10.125, 2.25, 1.5, 1.1428571428571428]","[0, 0, 0, 0, 0, 0]","[0, 0, 4.251968503937007, 1.2283464566929134, 5.428571428571429, 5.291666666666667]","[0, 0, 3.502702702702703, 1.2162162162162162, 2.875, 6.166666666666666]","[0, 0, 3.6, 1.4, 1.0, 0.7142857142857143]","[0, 1, 7.0875, 1.9124999999999999, 2.5, 2.9629629629629632]","[0, 0, 0, 0, 0, 0]","[0, 0, 3.8571428571428568, 1.4835164835164836, 2.230769230769231, 1.6851851851851851]","[0, 1, 5.625, 1.75, 2.6666666666666665, 1.3333333333333333]","[0, 0, 0, 0, 0, 0]","[0, 0, 0, 0, 0, 0]","[0, 0, 6.75, 2.55, 0.16666666666666666, 1.6666666666666667]","[0, 0, 4.090909090909091, 1.0909090909090908, 3.6, 1.2222222222222223]"
56,2017-06-07,20170607SSOB0,"[0, 0, 4.576271186440678, 1.7796610169491525, 1.1764705882352942, 1.0925925925925926]","[0, 0, 7.043478260869565, 1.5652173913043477, 8.0, 1.277777777777778]","[0, 0, 14.062500000000002, 2.25, 0.6666666666666666, 1.4545454545454546]","[0, 0, 5.522727272727273, 1.2613636363636365, 3.909090909090909, 1.1733333333333333]","[0, 1, 0.0, 4.5, 0.3333333333333333, 0.6666666666666666]","[0, 0, 0.0, 2.0, 1, 1.0]","[0, 0, 0, 0, 0, 0]","[0, 0, 0, 0, 0, 0]","[0, 0, 0, 0, 0, 0]","[0, 0, 0, 0, 0, 0]","[0, 0, 0, 0, 0, 0]","[0, 0, 0, 0, 0, 0]","[0, 1, 8.797752808988765, 1.7865168539325842, 1.6666666666666667, 3.7083333333333335]","[0, 1, 6.031914893617021, 1.9148936170212767, 1.0, 1.205128205128205]","[0, 0, 0, 0, 0, 0]","[0, 0, 7.9772727272727275, 2.25, 1.0, 2.444444444444444]","[0, 0, 3.4838709677419355, 1.5483870967741935, 0.5555555555555556, 5.166666666666667]","[0, 0, 5.0163934426229515, 1.459016393442623, 1.6818181818181819, 6.1]","[0, 0, 0.0, 0.8571428571428571, 5.0, 0.7777777777777778]","[0, 0, 10.125, 2.25, 1.5, 1.1428571428571428]","[0, 0, 0, 0, 0, 0]","[1, 0, 4.013513513513514, 1.1756756756756757, 5.0, 5.481481481481482]","[0, 0, 3.502702702702703, 1.2162162162162162, 2.875, 6.166666666666666]","[0, 0, 3.6, 1.4, 1.0, 0.7142857142857143]","[0, 1, 7.333333333333333, 1.9259259259259258, 2.5, 2.7]","[0, 0, 0, 0, 0, 0]","[0, 0, 3.8571428571428568, 1.4835164835164836, 2.230769230769231, 1.6851851851851851]","[0, 0, 5.625, 1.75, 2.6666666666666665, 1.3333333333333333]","[0, 0, 0, 0, 0, 0]","[0, 0, 0, 0, 0, 0]","[0, 0, 6.75, 2.55, 0.16666666666666666, 1.6666666666666667]","[0, 0, 4.090909090909091, 1.0909090909090908, 3.6, 1.2222222222222223]"
57,2017-06-08,20170608SSOB0,"[0, 0, 4.576271186440678, 1.7796610169491525, 1.1764705882352942, 1.0925925925925926]","[0, 0, 7.043478260869565, 1.5652173913043477, 8.0, 1.277777777777778]","[0, 0, 14.062500000000002, 2.25, 0.6666666666666666, 1.4545454545454546]","[0, 1, 6.067415730337078, 1.3146067415730336, 3.6666666666666665, 1.141025641025641]","[0, 1, 0.0, 3.0, 0.3333333333333333, 0.5]","[0, 0, 0.0, 2.0, 1, 1.0]","[1, 0, 0, 0, 0, 0]","[0, 0, 0, 0, 0, 0]","[0, 0, 0, 0, 0, 0]","[0, 0, 0, 0, 0, 0]","[0, 0, 0, 0, 0, 0]","[0, 0, 0, 0, 0, 0]","[0, 0, 8.797752808988765, 1.7865168539325842, 1.6666666666666667, 3.7083333333333335]","[0, 0, 6.031914893617021, 1.9148936170212767, 1.0, 1.205128205128205]","[0, 0, 0, 0, 0, 0]","[0, 0, 7.9772727272727275, 2.25, 1.0, 2.444444444444444]","[0, 0, 3.4838709677419355, 1.5483870967741935, 0.5555555555555556, 5.166666666666667]","[0, 0, 5.0163934426229515, 1.459016393442623, 1.6818181818181819, 6.1]","[0, 0, 0.0, 0.8571428571428571, 5.0, 0.7777777777777778]","[0, 0, 10.125, 2.25, 1.5, 1.1428571428571428]","[0, 0, 0, 0, 0, 0]","[0, 0, 4.013513513513514, 1.1756756756756757, 5.0, 5.481481481481482]","[0, 0, 3.502702702702703, 1.2162162162162162, 2.875, 6.166666666666666]","[0, 0, 3.6, 1.4, 1.0, 0.7142857142857143]","[0, 1, 6.988235294117648, 1.8705882352941177, 2.5, 2.5757575757575757]","[0, 0, 0, 0, 0, 0]","[0, 0, 3.8571428571428568, 1.4835164835164836, 2.230769230769231, 1.6851851851851851]","[0, 0, 5.625, 1.75, 2.6666666666666665, 1.3333333333333333]","[0, 0, 0, 0, 0, 0]","[0, 0, 0, 0, 0, 0]","[0, 0, 6.75, 2.55, 0.16666666666666666, 1.6666666666666667]","[0, 0, 4.090909090909091, 1.0909090909090908, 3.6, 1.2222222222222223]"
58,2017-06-09,20170609SSHH0,"[0, 0, 4.576271186440678, 1.7796610169491525, 1.1764705882352942, 1.0925925925925926]","[0, 0, 7.043478260869565, 1.5652173913043477, 8.0, 1.277777777777778]","[0, 0, 14.062500000000002, 2.25, 0.6666666666666666, 1.4545454545454546]","[0, 0, 6.067415730337078, 1.3146067415730336, 3.6666666666666665, 1.141025641025641]","[0, 0, 0.0, 3.0, 0.3333333333333333, 0.5]","[0, 0, 0.0, 2.0, 1, 1.0]","[0, 0, 0, 0, 0, 0]","[0, 0, 0, 0, 0, 0]","[0, 0, 0, 0, 0, 0]","[0, 0, 0, 0, 0, 0]","[0, 0, 0, 0, 0, 0]","[0, 0, 0, 0, 0, 0]","[0, 1, 8.904255319148936, 1.819148936170213, 1.588235294117647, 3.4814814814814814]","[0, 0, 6.031914893617021, 1.9148936170212767, 1.0, 1.205128205128205]","[0, 0, 0, 0, 0, 0]","[0, 0, 7.9772727272727275, 2.25, 1.0, 2.444444444444444]","[0, 0, 3.4838709677419355, 1.5483870967741935, 0.5555555555555556, 5.166666666666667]","[0, 0, 5.0163934426229515, 1.459016393442623, 1.6818181818181819, 6.1]","[0, 0, 0.0, 0.8571428571428571, 5.0, 0.7777777777777778]","[0, 0, 10.125, 2.25, 1.5, 1.1428571428571428]","[0, 0, 0, 0, 0, 0]","[0, 0, 4.013513513513514, 1.1756756756756757, 5.0, 5.481481481481482]","[0, 0, 3.502702702702703, 1.2162162162162162, 2.875, 6.166666666666666]","[0, 0, 3.6, 1.4, 1.0, 0.7142857142857143]","[0, 0, 6.988235294117648, 1.8705882352941177, 2.5, 2.5757575757575757]","[0, 0, 0, 0, 0, 0]","[1, 0, 3.6346153846153846, 1.4134615384615385, 2.357142857142857, 1.8245614035087718]","[0, 1, 5.126582278481013, 1.6708860759493671, 2.5, 1.3859649122807016]","[0, 0, 0, 0, 0, 0]","[0, 0, 0, 0, 0, 0]","[0, 0, 6.75, 2.55, 0.16666666666666666, 1.6666666666666667]","[0, 0, 4.090909090909091, 1.0909090909090908, 3.6, 1.2222222222222223]"
59,2017-06-10,20170610SSHH0,"[0, 0, 4.576271186440678, 1.7796610169491525, 1.1764705882352942, 1.0925925925925926]","[0, 1, 6.517241379310345, 1.5517241379310345, 5.0, 1.380952380952381]","[0, 0, 14.062500000000002, 2.25, 0.6666666666666666, 1.4545454545454546]","[0, 0, 6.067415730337078, 1.3146067415730336, 3.6666666666666665, 1.141025641025641]","[0, 0, 0.0, 3.0, 0.3333333333333333, 0.5]","[0, 0, 0.0, 2.0, 1, 1.0]","[0, 0, 0, 0, 0, 0]","[0, 0, 0, 0, 0, 0]","[0, 0, 0, 0, 0, 0]","[0, 0, 0, 0, 0, 0]","[0, 0, 0, 0, 0, 0]","[0, 0, 0, 0, 0, 0]","[0, 0, 8.904255319148936, 1.819148936170213, 1.588235294117647, 3.4814814814814814]","[0, 1, 5.90625, 1.9375, 1.037037037037037, 1.1851851851851851]","[0, 0, 0, 0, 0, 0]","[0, 0, 7.9772727272727275, 2.25, 1.0, 2.444444444444444]","[0, 0, 3.4838709677419355, 1.5483870967741935, 0.5555555555555556, 5.166666666666667]","[1, 0, 4.835820895522388, 1.492537313432836, 1.5769230769230769, 6.090909090909091]","[0, 0, 0.0, 0.8571428571428571, 5.0, 0.7777777777777778]","[0, 0, 10.125, 2.25, 1.5, 1.1428571428571428]","[0, 0, 0, 0, 0, 0]","[0, 0, 4.013513513513514, 1.1756756756756757, 5.0, 5.481481481481482]","[0, 0, 3.502702702702703, 1.2162162162162162, 2.875, 6.166666666666666]","[0, 0, 3.6, 1.4, 1.0, 0.7142857142857143]","[0, 0, 6.988235294117648, 1.8705882352941177, 2.5, 2.5757575757575757]","[0, 0, 0, 0, 0, 0]","[0, 0, 3.6346153846153846, 1.4134615384615385, 2.357142857142857, 1.8245614035087718]","[0, 0, 5.126582278481013, 1.6708860759493671, 2.5, 1.3859649122807016]","[0, 0, 0, 0, 0, 0]","[0, 0, 0, 0, 0, 0]","[0, 1, 6.230769230769231, 2.307692307692308, 0.3333333333333333, 1.7333333333333332]","[0, 0, 4.090909090909091, 1.0909090909090908, 3.6, 1.2222222222222223]"
60,2017-06-11,20170611SSHH0,"[0, 0, 4.576271186440678, 1.7796610169491525, 1.1764705882352942, 1.0925925925925926]","[0, 0, 6.517241379310345, 1.5517241379310345, 5.0, 1.380952380952381]","[0, 0, 14.062500000000002, 2.25, 0.6666666666666666, 1.4545454545454546]","[0, 1, 5.968421052631578, 1.2947368421052632, 3.357142857142857, 1.1728395061728396]","[0, 0, 0.0, 3.0, 0.3333333333333333, 0.5]","[0, 0, 0.0, 2.0, 1, 1.0]","[0, 0, 0, 0, 0, 0]","[0, 0, 0, 0, 0, 0]","[0, 0, 0, 0, 0, 0]","[0, 0, 0, 0, 0, 0]","[0, 0, 0, 0, 0, 0]","[0, 0, 0, 0, 0, 0]","[0, 0, 8.904255319148936, 1.819148936170213, 1.588235294117647, 3.4814814814814814]","[0, 0, 5.90625, 1.9375, 1.037037037037037, 1.1851851851851851]","[0, 0, 0, 0, 0, 0]","[0, 0, 7.9772727272727275, 2.25, 1.0, 2.444444444444444]","[1, 0, 4.695652173913043, 1.6304347826086956, 0.8333333333333334, 5.111111111111112]","[0, 0, 4.835820895522388, 1.492537313432836, 1.5769230769230769, 6.090909090909091]","[0, 0, 0.0, 0.8571428571428571, 5.0, 0.7777777777777778]","[0, 0, 10.125, 2.25, 1.5, 1.1428571428571428]","[0, 0, 0, 0, 0, 0]","[0, 0, 4.013513513513514, 1.1756756756756757, 5.0, 5.481481481481482]","[0, 0, 3.502702702702703, 1.2162162162162162, 2.875, 6.166666666666666]","[0, 0, 3.6, 1.4, 1.0, 0.7142857142857143]","[0, 1, 6.906976744186046, 1.9186046511627906, 2.272727272727273, 2.388888888888889]","[0, 0, 0, 0, 0, 0]","[0, 0, 3.6346153846153846, 1.4134615384615385, 2.357142857142857, 1.8245614035087718]","[0, 1, 4.939024390243902, 1.6097560975609757, 2.5, 1.3666666666666667]","[0, 0, 0, 0, 0, 0]","[0, 0, 0, 0, 0, 0]","[0, 0, 6.230769230769231, 2.307692307692308, 0.3333333333333333, 1.7333333333333332]","[0, 0, 4.090909090909091, 1.0909090909090908, 3.6, 1.2222222222222223]"
61,2017-06-13,20170613KTSS0,"[0, 0, 4.576271186440678, 1.7796610169491525, 1.1764705882352942, 1.0925925925925926]","[0, 0, 6.517241379310345, 1.5517241379310345, 5.0, 1.380952380952381]","[0, 0, 14.062500000000002, 2.25, 0.6666666666666666, 1.4545454545454546]","[0, 0, 5.968421052631578, 1.2947368421052632, 3.357142857142857, 1.1728395061728396]","[0, 0, 0.0, 3.0, 0.3333333333333333, 0.5]","[0, 0, 0.0, 2.0, 1, 1.0]","[0, 0, 0, 0, 0, 0]","[0, 0, 0, 0, 0, 0]","[0, 0, 0, 0, 0, 0]","[0, 0, 0, 0, 0, 0]","[0, 0, 0, 0, 0, 0]","[0, 0, 0, 0, 0, 0]","[0, 1, 8.37, 1.7699999999999998, 1.7058823529411764, 3.3333333333333335]","[0, 0, 5.90625, 1.9375, 1.037037037037037, 1.1851851851851851]","[0, 0, 0, 0, 0, 0]","[0, 0, 7.9772727272727275, 2.25, 1.0, 2.444444444444444]","[0, 0, 4.695652173913043, 1.6304347826086956, 0.8333333333333334, 5.111111111111112]","[0, 0, 4.835820895522388, 1.492537313432836, 1.5769230769230769, 6.090909090909091]","[0, 0, 0.0, 0.8571428571428571, 5.0, 0.7777777777777778]","[0, 0, 10.125, 2.25, 1.5, 1.1428571428571428]","[0, 0, 0, 0, 0, 0]","[0, 0, 4.013513513513514, 1.1756756756756757, 5.0, 5.481481481481482]","[1, 0, 4.522842639593908, 1.3248730964467004, 2.6666666666666665, 5.96969696969697]","[0, 0, 3.6, 1.4, 1.0, 0.7142857142857143]","[0, 1, 6.75, 1.875, 2.272727272727273, 2.2564102564102564]","[0, 0, 0, 0, 0, 0]","[0, 0, 3.6346153846153846, 1.4134615384615385, 2.357142857142857, 1.8245614035087718]","[0, 1, 4.709302325581396, 1.6046511627906976, 2.5, 1.3650793650793651]","[0, 0, 0, 0, 0, 0]","[0, 0, 0, 0, 0, 0]","[0, 0, 6.230769230769231, 2.307692307692308, 0.3333333333333333, 1.7333333333333332]","[0, 0, 4.090909090909091, 1.0909090909090908, 3.6, 1.2222222222222223]"
62,2017-06-14,20170614KTSS0,"[0, 0, 4.576271186440678, 1.7796610169491525, 1.1764705882352942, 1.0925925925925926]","[0, 0, 6.517241379310345, 1.5517241379310345, 5.0, 1.380952380952381]","[0, 0, 14.062500000000002, 2.25, 0.6666666666666666, 1.4545454545454546]","[0, 0, 5.968421052631578, 1.2947368421052632, 3.357142857142857, 1.1728395061728396]","[0, 0, 0.0, 3.0, 0.3333333333333333, 0.5]","[0, 0, 0.0, 2.0, 1, 1.0]","[0, 0, 0, 0, 0, 0]","[0, 0, 0, 0, 0, 0]","[0, 0, 0, 0, 0, 0]","[0, 0, 0, 0, 0, 0]","[0, 0, 0, 0, 0, 0]","[0, 0, 0, 0, 0, 0]","[0, 0, 8.37, 1.7699999999999998, 1.7058823529411764, 3.3333333333333335]","[0, 1, 5.785714285714286, 1.8979591836734695, 1.0740740740740742, 1.1666666666666665]","[0, 0, 0, 0, 0, 0]","[0, 0, 7.9772727272727275, 2.25, 1.0, 2.444444444444444]","[0, 0, 4.695652173913043, 1.6304347826086956, 0.8333333333333334, 5.111111111111112]","[0, 0, 4.835820895522388, 1.492537313432836, 1.5769230769230769, 6.090909090909091]","[0, 0, 0.0, 0.8571428571428571, 5.0, 0.7777777777777778]","[0, 0, 10.125, 2.25, 1.5, 1.1428571428571428]","[0, 0, 0, 0, 0, 0]","[1, 0, 4.725, 1.275, 4.888888888888889, 5.333333333333334]","[0, 0, 4.522842639593908, 1.3248730964467004, 2.6666666666666665, 5.96969696969697]","[0, 0, 3.6, 1.4, 1.0, 0.7142857142857143]","[0, 1, 6.674157303370786, 1.8539325842696628, 2.3636363636363638, 2.119047619047619]","[0, 0, 0, 0, 0, 0]","[0, 0, 3.6346153846153846, 1.4134615384615385, 2.357142857142857, 1.8245614035087718]","[0, 0, 4.709302325581396, 1.6046511627906976, 2.5, 1.3650793650793651]","[0, 0, 0, 0, 0, 0]","[0, 0, 0, 0, 0, 0]","[0, 1, 5.5588235294117645, 2.1176470588235294, 0.2857142857142857, 1.888888888888889]","[0, 0, 4.090909090909091, 1.0909090909090908, 3.6, 1.2222222222222223]"
63,2017-06-15,20170615KTSS0,"[0, 0, 4.576271186440678, 1.7796610169491525, 1.1764705882352942, 1.0925925925925926]","[0, 0, 6.517241379310345, 1.5517241379310345, 5.0, 1.380952380952381]","[1, 0, 13.0, 2.1666666666666665, 0.8461538461538461, 1.5]","[0, 1, 5.6138613861386135, 1.2772277227722773, 3.0, 1.2023809523809523]","[0, 1, 0.0, 0.8571428571428571, 0.3333333333333333, 1.5555555555555556]","[0, 0, 0.0, 2.0, 1, 1.0]","[0, 0, 0, 0, 0, 0]","[0, 0, 0, 0, 0, 0]","[0, 0, 0, 0, 0, 0]","[0, 0, 0, 0, 0, 0]","[0, 0, 0, 0, 0, 0]","[0, 0, 0, 0, 0, 0]","[0, 1, 8.048076923076923, 1.7884615384615385, 1.6666666666666667, 3.1515151515151514]","[0, 0, 5.785714285714286, 1.8979591836734695, 1.0740740740740742, 1.1666666666666665]","[0, 0, 0, 0, 0, 0]","[0, 0, 7.9772727272727275, 2.25, 1.0, 2.444444444444444]","[0, 0, 4.695652173913043, 1.6304347826086956, 0.8333333333333334, 5.111111111111112]","[0, 0, 4.835820895522388, 1.492537313432836, 1.5769230769230769, 6.090909090909091]","[0, 0, 0.0, 0.8571428571428571, 5.0, 0.7777777777777778]","[0, 0, 10.125, 2.25, 1.5, 1.1428571428571428]","[0, 0, 0, 0, 0, 0]","[0, 0, 4.725, 1.275, 4.888888888888889, 5.333333333333334]","[0, 0, 4.522842639593908, 1.3248730964467004, 2.6666666666666665, 5.96969696969697]","[0, 0, 3.6, 1.4, 1.0, 0.7142857142857143]","[0, 0, 6.674157303370786, 1.8539325842696628, 2.3636363636363638, 2.119047619047619]","[0, 0, 0, 0, 0, 0]","[0, 0, 3.6346153846153846, 1.4134615384615385, 2.357142857142857, 1.8245614035087718]","[0, 1, 4.5, 1.5666666666666667, 2.4545454545454546, 1.3636363636363635]","[0, 0, 0, 0, 0, 0]","[0, 0, 0, 0, 0, 0]","[0, 0, 5.5588235294117645, 2.1176470588235294, 0.2857142857142857, 1.888888888888889]","[0, 0, 4.090909090909091, 1.0909090909090908, 3.6, 1.2222222222222223]"
64,2017-06-16,20170616SKSS0,"[0, 0, 4.576271186440678, 1.7796610169491525, 1.1764705882352942, 1.0925925925925926]","[0, 0, 6.517241379310345, 1.5517241379310345, 5.0, 1.380952380952381]","[0, 0, 13.0, 2.1666666666666665, 0.8461538461538461, 1.5]","[0, 0, 5.6138613861386135, 1.2772277227722773, 3.0, 1.2023809523809523]","[0, 0, 0.0, 0.8571428571428571, 0.3333333333333333, 1.5555555555555556]","[0, 0, 0.0, 2.0, 1, 1.0]","[0, 0, 0, 0, 0, 0]","[0, 0, 0, 0, 0, 0]","[0, 0, 0, 0, 0, 0]","[0, 0, 0, 0, 0, 0]","[0, 0, 0, 0, 0, 0]","[0, 0, 0, 0, 0, 0]","[0, 0, 8.048076923076923, 1.7884615384615385, 1.6666666666666667, 3.1515151515151514]","[0, 1, 6.061224489795919, 1.959183673469388, 1.0740740740740742, 1.1264367816091954]","[0, 0, 0, 0, 0, 0]","[0, 0, 7.9772727272727275, 2.25, 1.0, 2.444444444444444]","[0, 0, 4.695652173913043, 1.6304347826086956, 0.8333333333333334, 5.111111111111112]","[1, 0, 5.221698113207547, 1.542452830188679, 1.4827586206896552, 5.888888888888889]","[0, 0, 0.0, 0.8571428571428571, 5.0, 0.7777777777777778]","[0, 0, 10.125, 2.25, 1.5, 1.1428571428571428]","[0, 0, 0, 0, 0, 0]","[0, 0, 4.725, 1.275, 4.888888888888889, 5.333333333333334]","[0, 0, 4.522842639593908, 1.3248730964467004, 2.6666666666666665, 5.96969696969697]","[0, 0, 3.6, 1.4, 1.0, 0.7142857142857143]","[0, 0, 6.674157303370786, 1.8539325842696628, 2.3636363636363638, 2.119047619047619]","[0, 0, 0, 0, 0, 0]","[0, 0, 3.6346153846153846, 1.4134615384615385, 2.357142857142857, 1.8245614035087718]","[0, 0, 4.5, 1.5666666666666667, 2.4545454545454546, 1.3636363636363635]","[0, 0, 0, 0, 0, 0]","[0, 0, 0, 0, 0, 0]","[0, 0, 5.5588235294117645, 2.1176470588235294, 0.2857142857142857, 1.888888888888889]","[0, 0, 4.090909090909091, 1.0909090909090908, 3.6, 1.2222222222222223]"
65,2017-06-17,20170617SKSS0,"[0, 0, 4.576271186440678, 1.7796610169491525, 1.1764705882352942, 1.0925925925925926]","[0, 0, 6.517241379310345, 1.5517241379310345, 5.0, 1.380952380952381]","[0, 0, 13.0, 2.1666666666666665, 0.8461538461538461, 1.5]","[0, 0, 5.6138613861386135, 1.2772277227722773, 3.0, 1.2023809523809523]","[0, 1, 1.8, 1.0, 0.3333333333333333, 1.25]","[0, 0, 0.0, 2.0, 1, 1.0]","[0, 0, 0, 0, 0, 0]","[0, 0, 0, 0, 0, 0]","[0, 0, 0, 0, 0, 0]","[0, 0, 0, 0, 0, 0]","[0, 0, 0, 0, 0, 0]","[0, 0, 0, 0, 0, 0]","[0, 1, 7.822429906542055, 1.8224299065420562, 1.6666666666666667, 2.972222222222222]","[0, 0, 6.061224489795919, 1.959183673469388, 1.0740740740740742, 1.1264367816091954]","[0, 0, 0, 0, 0, 0]","[0, 0, 7.9772727272727275, 2.25, 1.0, 2.444444444444444]","[1, 0, 5.311475409836065, 1.7213114754098362, 0.8125, 5.083333333333333]","[0, 0, 5.221698113207547, 1.542452830188679, 1.4827586206896552, 5.888888888888889]","[0, 0, 0.0, 0.8571428571428571, 5.0, 0.7777777777777778]","[0, 0, 10.125, 2.25, 1.5, 1.1428571428571428]","[0, 0, 0, 0, 0, 0]","[0, 0, 4.725, 1.275, 4.888888888888889, 5.333333333333334]","[0, 0, 4.522842639593908, 1.3248730964467004, 2.6666666666666665, 5.96969696969697]","[0, 0, 3.6, 1.4, 1.0, 0.7142857142857143]","[0, 0, 6.674157303370786, 1.8539325842696628, 2.3636363636363638, 2.119047619047619]","[0, 0, 0, 0, 0, 0]","[0, 0, 3.6346153846153846, 1.4134615384615385, 2.357142857142857, 1.8245614035087718]","[0, 0, 4.5, 1.5666666666666667, 2.4545454545454546, 1.3636363636363635]","[0, 0, 0, 0, 0, 0]","[0, 0, 0, 0, 0, 0]","[0, 1, 5.108108108108109, 1.9459459459459458, 0.42857142857142855, 1.761904761904762]","[0, 0, 4.090909090909091, 1.0909090909090908, 3.6, 1.2222222222222223]"
66,2017-06-18,20170618SKSS0,"[0, 0, 4.576271186440678, 1.7796610169491525, 1.1764705882352942, 1.0925925925925926]","[0, 0, 6.517241379310345, 1.5517241379310345, 5.0, 1.380952380952381]","[0, 0, 13.0, 2.1666666666666665, 0.8461538461538461, 1.5]","[0, 1, 5.349056603773585, 1.2735849056603772, 2.823529411764706, 1.2183908045977012]","[0, 0, 1.8, 1.0, 0.3333333333333333, 1.25]","[0, 0, 0.0, 2.0, 1, 1.0]","[0, 0, 0, 0, 0, 0]","[0, 0, 0, 0, 0, 0]","[0, 0, 0, 0, 0, 0]","[0, 0, 0, 0, 0, 0]","[0, 0, 0, 0, 0, 0]","[0, 0, 0, 0, 0, 0]","[0, 0, 7.822429906542055, 1.8224299065420562, 1.6666666666666667, 2.972222222222222]","[0, 0, 6.061224489795919, 1.959183673469388, 1.0740740740740742, 1.1264367816091954]","[0, 0, 0, 0, 0, 0]","[0, 0, 7.9772727272727275, 2.25, 1.0, 2.444444444444444]","[0, 0, 5.311475409836065, 1.7213114754098362, 0.8125, 5.083333333333333]","[0, 0, 5.221698113207547, 1.542452830188679, 1.4827586206896552, 5.888888888888889]","[0, 0, 0.0, 0.8571428571428571, 5.0, 0.7777777777777778]","[0, 0, 10.125, 2.25, 1.5, 1.1428571428571428]","[0, 0, 0, 0, 0, 0]","[0, 0, 4.725, 1.275, 4.888888888888889, 5.333333333333334]","[1, 0, 4.144186046511628, 1.283720930232558, 2.736842105263158, 5.972222222222222]","[0, 0, 3.6, 1.4, 1.0, 0.7142857142857143]","[0, 1, 6.061224489795919, 1.7142857142857144, 2.5454545454545454, 2.1777777777777776]","[0, 0, 0, 0, 0, 0]","[0, 0, 3.6346153846153846, 1.4134615384615385, 2.357142857142857, 1.8245614035087718]","[0, 1, 4.354838709677419, 1.5161290322580645, 2.4545454545454546, 1.3478260869565217]","[0, 0, 0, 0, 0, 0]","[0, 0, 0, 0, 0, 0]","[0, 0, 5.108108108108109, 1.9459459459459458, 0.42857142857142855, 1.761904761904762]","[0, 0, 4.090909090909091, 1.0909090909090908, 3.6, 1.2222222222222223]"
67,2017-06-20,20170620SSLG0,"[0, 1, 4.790322580645162, 1.8870967741935483, 1.1111111111111112, 1.087719298245614]","[0, 0, 6.517241379310345, 1.5517241379310345, 5.0, 1.380952380952381]","[0, 0, 13.0, 2.1666666666666665, 0.8461538461538461, 1.5]","[0, 0, 5.349056603773585, 1.2735849056603772, 2.823529411764706, 1.2183908045977012]","[0, 0, 1.8, 1.0, 0.3333333333333333, 1.25]","[0, 0, 0.0, 2.0, 1, 1.0]","[0, 0, 0, 0, 0, 0]","[0, 0, 0, 0, 0, 0]","[0, 0, 0, 0, 0, 0]","[0, 0, 0, 0, 0, 0]","[0, 0, 0, 0, 0, 0]","[0, 0, 0, 0, 0, 0]","[0, 1, 9.401785714285714, 1.9285714285714284, 1.631578947368421, 2.871794871794872]","[0, 0, 6.061224489795919, 1.959183673469388, 1.0740740740740742, 1.1264367816091954]","[0, 0, 0, 0, 0, 0]","[0, 0, 7.9772727272727275, 2.25, 1.0, 2.444444444444444]","[0, 0, 5.311475409836065, 1.7213114754098362, 0.8125, 5.083333333333333]","[0, 0, 5.221698113207547, 1.542452830188679, 1.4827586206896552, 5.888888888888889]","[0, 0, 0.0, 0.8571428571428571, 5.0, 0.7777777777777778]","[0, 0, 10.125, 2.25, 1.5, 1.1428571428571428]","[0, 0, 0, 0, 0, 0]","[1, 0, 4.628571428571429, 1.3199999999999998, 4.363636363636363, 5.303030303030304]","[0, 0, 4.144186046511628, 1.283720930232558, 2.736842105263158, 5.972222222222222]","[0, 0, 3.6, 1.4, 1.0, 0.7142857142857143]","[0, 1, 6.061224489795919, 1.7448979591836735, 2.5454545454545454, 2.0416666666666665]","[0, 0, 0, 0, 0, 0]","[0, 0, 3.6346153846153846, 1.4134615384615385, 2.357142857142857, 1.8245614035087718]","[0, 0, 4.354838709677419, 1.5161290322580645, 2.4545454545454546, 1.3478260869565217]","[0, 0, 0, 0, 0, 0]","[0, 0, 0, 0, 0, 0]","[0, 0, 5.108108108108109, 1.9459459459459458, 0.42857142857142855, 1.761904761904762]","[0, 0, 4.090909090909091, 1.0909090909090908, 3.6, 1.2222222222222223]"
68,2017-06-21,20170621SSLG0,"[0, 0, 4.790322580645162, 1.8870967741935483, 1.1111111111111112, 1.087719298245614]","[0, 0, 6.517241379310345, 1.5517241379310345, 5.0, 1.380952380952381]","[1, 0, 10.565217391304348, 1.826086956521739, 1.0769230769230769, 1.7692307692307692]","[0, 1, 6.0, 1.3333333333333333, 2.9411764705882355, 1.2]","[0, 1, 6.428571428571428, 1.2857142857142858, 1.0, 1.4]","[0, 0, 0.0, 2.0, 1, 1.0]","[0, 0, 0, 0, 0, 0]","[0, 0, 0, 0, 0, 0]","[0, 0, 0, 0, 0, 0]","[0, 0, 0, 0, 0, 0]","[0, 0, 0, 0, 0, 0]","[0, 0, 0, 0, 0, 0]","[0, 0, 9.401785714285714, 1.9285714285714284, 1.631578947368421, 2.871794871794872]","[0, 0, 6.061224489795919, 1.959183673469388, 1.0740740740740742, 1.1264367816091954]","[0, 0, 0, 0, 0, 0]","[0, 0, 7.9772727272727275, 2.25, 1.0, 2.444444444444444]","[0, 0, 5.311475409836065, 1.7213114754098362, 0.8125, 5.083333333333333]","[0, 0, 5.221698113207547, 1.542452830188679, 1.4827586206896552, 5.888888888888889]","[0, 0, 0.0, 0.8571428571428571, 5.0, 0.7777777777777778]","[0, 0, 10.125, 2.25, 1.5, 1.1428571428571428]","[0, 0, 0, 0, 0, 0]","[0, 0, 4.628571428571429, 1.3199999999999998, 4.363636363636363, 5.303030303030304]","[0, 0, 4.144186046511628, 1.283720930232558, 2.736842105263158, 5.972222222222222]","[0, 0, 3.6, 1.4, 1.0, 0.7142857142857143]","[0, 1, 6.148514851485149, 1.7524752475247527, 2.4166666666666665, 1.980392156862745]","[0, 0, 0, 0, 0, 0]","[0, 0, 3.6346153846153846, 1.4134615384615385, 2.357142857142857, 1.8245614035087718]","[0, 0, 4.354838709677419, 1.5161290322580645, 2.4545454545454546, 1.3478260869565217]","[0, 0, 0, 0, 0, 0]","[0, 0, 0, 0, 0, 0]","[0, 1, 4.108695652173913, 1.826086956521739, 0.5, 1.9166666666666667]","[0, 0, 4.090909090909091, 1.0909090909090908, 3.6, 1.2222222222222223]"
69,2017-06-22,20170622SSLG0,"[0, 0, 4.790322580645162, 1.8870967741935483, 1.1111111111111112, 1.087719298245614]","[0, 0, 6.517241379310345, 1.5517241379310345, 5.0, 1.380952380952381]","[0, 0, 10.565217391304348, 1.826086956521739, 1.0769230769230769, 1.7692307692307692]","[0, 0, 6.0, 1.3333333333333333, 2.9411764705882355, 1.2]","[0, 0, 6.428571428571428, 1.2857142857142858, 1.0, 1.4]","[0, 0, 0.0, 2.0, 1, 1.0]","[0, 0, 0, 0, 0, 0]","[0, 0, 0, 0, 0, 0]","[0, 0, 0, 0, 0, 0]","[0, 0, 0, 0, 0, 0]","[0, 0, 0, 0, 0, 0]","[0, 0, 0, 0, 0, 0]","[0, 1, 9.0, 1.9230769230769231, 1.6, 2.7857142857142856]","[0, 0, 6.061224489795919, 1.959183673469388, 1.0740740740740742, 1.1264367816091954]","[0, 0, 0, 0, 0, 0]","[0, 0, 7.9772727272727275, 2.25, 1.0, 2.444444444444444]","[1, 0, 5.5588235294117645, 1.8088235294117647, 0.7222222222222222, 4.533333333333333]","[0, 0, 5.221698113207547, 1.542452830188679, 1.4827586206896552, 5.888888888888889]","[0, 0, 0.0, 0.8571428571428571, 5.0, 0.7777777777777778]","[0, 0, 10.125, 2.25, 1.5, 1.1428571428571428]","[0, 0, 0, 0, 0, 0]","[0, 0, 4.628571428571429, 1.3199999999999998, 4.363636363636363, 5.303030303030304]","[0, 0, 4.144186046511628, 1.283720930232558, 2.736842105263158, 5.972222222222222]","[0, 0, 3.6, 1.4, 1.0, 0.7142857142857143]","[0, 0, 6.148514851485149, 1.7524752475247527, 2.4166666666666665, 1.980392156862745]","[0, 0, 0, 0, 0, 0]","[0, 0, 3.6346153846153846, 1.4134615384615385, 2.357142857142857, 1.8245614035087718]","[0, 1, 4.263157894736842, 1.5789473684210527, 2.4545454545454546, 1.3194444444444444]","[0, 0, 0, 0, 0, 0]","[0, 0, 0, 0, 0, 0]","[0, 0, 4.108695652173913, 1.826086956521739, 0.5, 1.9166666666666667]","[0, 0, 4.090909090909091, 1.0909090909090908, 3.6, 1.2222222222222223]"
70,2017-06-23,20170623HHSS0,"[0, 0, 4.790322580645162, 1.8870967741935483, 1.1111111111111112, 1.087719298245614]","[0, 0, 6.517241379310345, 1.5517241379310345, 5.0, 1.380952380952381]","[0, 0, 10.565217391304348, 1.826086956521739, 1.0769230769230769, 1.7692307692307692]","[0, 1, 5.890909090909091, 1.309090909090909, 3.0, 1.182795698924731]","[0, 0, 6.428571428571428, 1.2857142857142858, 1.0, 1.4]","[0, 0, 0.0, 2.0, 1, 1.0]","[0, 0, 0, 0, 0, 0]","[0, 0, 0, 0, 0, 0]","[0, 0, 0, 0, 0, 0]","[0, 0, 0, 0, 0, 0]","[0, 0, 0, 0, 0, 0]","[0, 0, 0, 0, 0, 0]","[0, 0, 9.0, 1.9230769230769231, 1.6, 2.7857142857142856]","[0, 0, 6.061224489795919, 1.959183673469388, 1.0740740740740742, 1.1264367816091954]","[0, 0, 0, 0, 0, 0]","[0, 0, 7.9772727272727275, 2.25, 1.0, 2.444444444444444]","[0, 0, 5.5588235294117645, 1.8088235294117647, 0.7222222222222222, 4.533333333333333]","[1, 0, 4.982832618025752, 1.48068669527897, 1.5862068965517242, 5.9743589743589745]","[0, 0, 0.0, 0.8571428571428571, 5.0, 0.7777777777777778]","[0, 0, 10.125, 2.25, 1.5, 1.1428571428571428]","[0, 0, 0, 0, 0, 0]","[0, 0, 4.628571428571429, 1.3199999999999998, 4.363636363636363, 5.303030303030304]","[0, 0, 4.144186046511628, 1.283720930232558, 2.736842105263158, 5.972222222222222]","[0, 0, 3.6, 1.4, 1.0, 0.7142857142857143]","[0, 1, 6.113207547169812, 1.7547169811320753, 2.75, 1.962962962962963]","[0, 0, 0, 0, 0, 0]","[0, 0, 3.6346153846153846, 1.4134615384615385, 2.357142857142857, 1.8245614035087718]","[0, 1, 4.090909090909091, 1.5454545454545454, 2.6363636363636362, 1.32]","[0, 0, 0, 0, 0, 0]","[0, 0, 0, 0, 0, 0]","[0, 0, 4.108695652173913, 1.826086956521739, 0.5, 1.9166666666666667]","[0, 0, 4.090909090909091, 1.0909090909090908, 3.6, 1.2222222222222223]"
71,2017-06-24,20170624HHSS0,"[0, 0, 4.790322580645162, 1.8870967741935483, 1.1111111111111112, 1.087719298245614]","[0, 0, 6.517241379310345, 1.5517241379310345, 5.0, 1.380952380952381]","[0, 0, 10.565217391304348, 1.826086956521739, 1.0769230769230769, 1.7692307692307692]","[0, 0, 5.890909090909091, 1.309090909090909, 3.0, 1.182795698924731]","[0, 1, 6.136363636363636, 1.3636363636363638, 0.75, 1.222222222222222]","[0, 0, 0.0, 2.0, 1, 1.0]","[0, 0, 0, 0, 0, 0]","[0, 0, 0, 0, 0, 0]","[0, 0, 0, 0, 0, 0]","[0, 0, 0, 0, 0, 0]","[0, 0, 0, 0, 0, 0]","[0, 0, 0, 0, 0, 0]","[0, 0, 9.0, 1.9230769230769231, 1.6, 2.7857142857142856]","[0, 1, 5.711538461538462, 1.8750000000000002, 1.0740740740740742, 1.1555555555555554]","[0, 0, 0, 0, 0, 0]","[0, 0, 7.9772727272727275, 2.25, 1.0, 2.444444444444444]","[0, 0, 5.5588235294117645, 1.8088235294117647, 0.7222222222222222, 4.533333333333333]","[0, 0, 4.982832618025752, 1.48068669527897, 1.5862068965517242, 5.9743589743589745]","[0, 0, 0.0, 0.8571428571428571, 5.0, 0.7777777777777778]","[0, 0, 10.125, 2.25, 1.5, 1.1428571428571428]","[0, 0, 0, 0, 0, 0]","[0, 0, 4.628571428571429, 1.3199999999999998, 4.363636363636363, 5.303030303030304]","[1, 0, 3.9705882352941178, 1.2478991596638656, 2.619047619047619, 6.102564102564102]","[0, 0, 3.6, 1.4, 1.0, 0.7142857142857143]","[0, 0, 6.113207547169812, 1.7547169811320753, 2.75, 1.962962962962963]","[0, 0, 0, 0, 0, 0]","[0, 0, 3.6346153846153846, 1.4134615384615385, 2.357142857142857, 1.8245614035087718]","[0, 0, 4.090909090909091, 1.5454545454545454, 2.6363636363636362, 1.32]","[0, 0, 0, 0, 0, 0]","[0, 0, 0, 0, 0, 0]","[0, 0, 4.108695652173913, 1.826086956521739, 0.5, 1.9166666666666667]","[0, 0, 4.090909090909091, 1.0909090909090908, 3.6, 1.2222222222222223]"
72,2017-06-25,20170625HHSS0,"[0, 0, 4.790322580645162, 1.8870967741935483, 1.1111111111111112, 1.087719298245614]","[0, 0, 6.517241379310345, 1.5517241379310345, 5.0, 1.380952380952381]","[0, 0, 10.565217391304348, 1.826086956521739, 1.0769230769230769, 1.7692307692307692]","[0, 1, 5.684210526315789, 1.2894736842105263, 2.8333333333333335, 1.1875]","[0, 1, 5.1923076923076925, 1.2692307692307694, 0.75, 1.238095238095238]","[0, 0, 0.0, 2.0, 1, 1.0]","[0, 0, 0, 0, 0, 0]","[0, 0, 0, 0, 0, 0]","[0, 0, 0, 0, 0, 0]","[0, 0, 0, 0, 0, 0]","[0, 0, 0, 0, 0, 0]","[0, 0, 0, 0, 0, 0]","[0, 1, 8.424, 1.848, 1.5714285714285714, 2.7777777777777777]","[0, 0, 5.711538461538462, 1.8750000000000002, 1.0740740740740742, 1.1555555555555554]","[0, 0, 0, 0, 0, 0]","[0, 0, 7.9772727272727275, 2.25, 1.0, 2.444444444444444]","[0, 0, 5.5588235294117645, 1.8088235294117647, 0.7222222222222222, 4.533333333333333]","[0, 0, 4.982832618025752, 1.48068669527897, 1.5862068965517242, 5.9743589743589745]","[0, 0, 0.0, 0.8571428571428571, 5.0, 0.7777777777777778]","[0, 0, 10.125, 2.25, 1.5, 1.1428571428571428]","[0, 0, 0, 0, 0, 0]","[1, 0, 4.689473684210527, 1.3421052631578947, 4.909090909090909, 5.277777777777778]","[0, 0, 3.9705882352941178, 1.2478991596638656, 2.619047619047619, 6.102564102564102]","[0, 0, 3.6, 1.4, 1.0, 0.7142857142857143]","[0, 1, 6.113207547169812, 1.7830188679245282, 2.75, 1.8596491228070178]","[0, 0, 0, 0, 0, 0]","[0, 0, 3.6346153846153846, 1.4134615384615385, 2.357142857142857, 1.8245614035087718]","[0, 1, 3.9705882352941178, 1.5, 2.909090909090909, 1.3076923076923077]","[0, 0, 0, 0, 0, 0]","[0, 0, 0, 0, 0, 0]","[0, 1, 3.7800000000000002, 1.7399999999999998, 0.625, 1.851851851851852]","[0, 0, 4.090909090909091, 1.0909090909090908, 3.6, 1.2222222222222223]"
73,2017-06-27,20170627SSHT0,"[0, 1, 4.714285714285714, 2.0, 1.0, 1.05]","[0, 0, 6.517241379310345, 1.5517241379310345, 5.0, 1.380952380952381]","[0, 0, 10.565217391304348, 1.826086956521739, 1.0769230769230769, 1.7692307692307692]","[0, 0, 5.684210526315789, 1.2894736842105263, 2.8333333333333335, 1.1875]","[0, 1, 5.1923076923076925, 1.2692307692307694, 0.75, 1.0833333333333333]","[0, 0, 0.0, 2.0, 1, 1.0]","[0, 0, 0, 0, 0, 0]","[0, 0, 0, 0, 0, 0]","[0, 0, 0, 0, 0, 0]","[0, 0, 0, 0, 0, 0]","[0, 0, 0, 0, 0, 0]","[0, 0, 0, 0, 0, 0]","[0, 0, 8.424, 1.848, 1.5714285714285714, 2.7777777777777777]","[0, 1, 5.60377358490566, 1.8962264150943395, 1.0740740740740742, 1.1397849462365592]","[0, 0, 0, 0, 0, 0]","[0, 0, 7.9772727272727275, 2.25, 1.0, 2.444444444444444]","[1, 0, 4.879518072289157, 1.8072289156626504, 0.7142857142857143, 4.611111111111112]","[0, 0, 4.982832618025752, 1.48068669527897, 1.5862068965517242, 5.9743589743589745]","[0, 0, 0.0, 0.8571428571428571, 5.0, 0.7777777777777778]","[0, 0, 10.125, 2.25, 1.5, 1.1428571428571428]","[0, 0, 0, 0, 0, 0]","[0, 0, 4.689473684210527, 1.3421052631578947, 4.909090909090909, 5.277777777777778]","[0, 0, 3.9705882352941178, 1.2478991596638656, 2.619047619047619, 6.102564102564102]","[0, 0, 3.6, 1.4, 1.0, 0.7142857142857143]","[0, 0, 6.113207547169812, 1.7830188679245282, 2.75, 1.8596491228070178]","[0, 0, 0, 0, 0, 0]","[0, 0, 3.6346153846153846, 1.4134615384615385, 2.357142857142857, 1.8245614035087718]","[0, 0, 3.9705882352941178, 1.5, 2.909090909090909, 1.3076923076923077]","[0, 0, 0, 0, 0, 0]","[0, 0, 0, 0, 0, 0]","[0, 0, 3.7800000000000002, 1.7399999999999998, 0.625, 1.851851851851852]","[0, 0, 4.090909090909091, 1.0909090909090908, 3.6, 1.2222222222222223]"
74,2017-06-28,20170628SSHT0,"[0, 1, 4.5, 1.9545454545454546, 1.05, 1.0476190476190477]","[0, 0, 6.517241379310345, 1.5517241379310345, 5.0, 1.380952380952381]","[1, 0, 9.321428571428571, 1.6785714285714286, 1.0666666666666667, 2.0]","[0, 0, 5.684210526315789, 1.2894736842105263, 2.8333333333333335, 1.1875]","[0, 0, 5.1923076923076925, 1.2692307692307694, 0.75, 1.0833333333333333]","[0, 0, 0.0, 2.0, 1, 1.0]","[0, 0, 0, 0, 0, 0]","[0, 0, 0, 0, 0, 0]","[0, 0, 0, 0, 0, 0]","[0, 0, 0, 0, 0, 0]","[0, 0, 0, 0, 0, 0]","[0, 0, 0, 0, 0, 0]","[0, 0, 8.424, 1.848, 1.5714285714285714, 2.7777777777777777]","[0, 0, 5.60377358490566, 1.8962264150943395, 1.0740740740740742, 1.1397849462365592]","[0, 0, 0, 0, 0, 0]","[0, 0, 7.9772727272727275, 2.25, 1.0, 2.444444444444444]","[0, 0, 4.879518072289157, 1.8072289156626504, 0.7142857142857143, 4.611111111111112]","[0, 0, 4.982832618025752, 1.48068669527897, 1.5862068965517242, 5.9743589743589745]","[0, 0, 0.0, 0.8571428571428571, 5.0, 0.7777777777777778]","[0, 0, 10.125, 2.25, 1.5, 1.1428571428571428]","[0, 0, 0, 0, 0, 0]","[0, 0, 4.689473684210527, 1.3421052631578947, 4.909090909090909, 5.277777777777778]","[0, 0, 3.9705882352941178, 1.2478991596638656, 2.619047619047619, 6.102564102564102]","[0, 0, 3.6, 1.4, 1.0, 0.7142857142857143]","[0, 0, 6.113207547169812, 1.7830188679245282, 2.75, 1.8596491228070178]","[0, 0, 0, 0, 0, 0]","[0, 1, 4.204918032786885, 1.4262295081967213, 2.3333333333333335, 2.033333333333333]","[0, 0, 3.9705882352941178, 1.5, 2.909090909090909, 1.3076923076923077]","[0, 0, 0, 0, 0, 0]","[0, 0, 0, 0, 0, 0]","[0, 1, 3.7058823529411766, 1.7647058823529411, 0.5555555555555556, 1.7]","[0, 0, 4.090909090909091, 1.0909090909090908, 3.6, 1.2222222222222223]"
75,2017-06-29,20170629SSHT0,"[0, 0, 4.5, 1.9545454545454546, 1.05, 1.0476190476190477]","[0, 0, 6.517241379310345, 1.5517241379310345, 5.0, 1.380952380952381]","[0, 0, 9.321428571428571, 1.6785714285714286, 1.0666666666666667, 2.0]","[0, 0, 5.684210526315789, 1.2894736842105263, 2.8333333333333335, 1.1875]","[0, 0, 5.1923076923076925, 1.2692307692307694, 0.75, 1.0833333333333333]","[0, 0, 0.0, 2.0, 1, 1.0]","[0, 0, 0, 0, 0, 0]","[0, 0, 0, 0, 0, 0]","[0, 0, 0, 0, 0, 0]","[0, 0, 0, 0, 0, 0]","[0, 0, 0, 0, 0, 0]","[0, 0, 0, 0, 0, 0]","[0, 1, 8.038167938931297, 1.786259541984733, 1.5909090909090908, 2.7291666666666665]","[0, 0, 5.60377358490566, 1.8962264150943395, 1.0740740740740742, 1.1397849462365592]","[0, 0, 0, 0, 0, 0]","[0, 0, 7.9772727272727275, 2.25, 1.0, 2.444444444444444]","[0, 0, 4.879518072289157, 1.8072289156626504, 0.7142857142857143, 4.611111111111112]","[1, 0, 4.909090909090909, 1.4703557312252966, 1.5454545454545454, 6.023809523809524]","[0, 0, 0.0, 0.8571428571428571, 5.0, 0.7777777777777778]","[0, 0, 10.125, 2.25, 1.5, 1.1428571428571428]","[0, 0, 0, 0, 0, 0]","[0, 0, 4.689473684210527, 1.3421052631578947, 4.909090909090909, 5.277777777777778]","[0, 0, 3.9705882352941178, 1.2478991596638656, 2.619047619047619, 6.102564102564102]","[0, 0, 3.6, 1.4, 1.0, 0.7142857142857143]","[0, 0, 6.113207547169812, 1.7830188679245282, 2.75, 1.8596491228070178]","[0, 0, 0, 0, 0, 0]","[0, 0, 4.204918032786885, 1.4262295081967213, 2.3333333333333335, 2.033333333333333]","[0, 0, 3.9705882352941178, 1.5, 2.909090909090909, 1.3076923076923077]","[0, 0, 0, 0, 0, 0]","[0, 0, 0, 0, 0, 0]","[0, 1, 5.5, 1.8888888888888888, 0.6666666666666666, 1.6363636363636365]","[0, 1, 5.5588235294117645, 1.2352941176470587, 3.1666666666666665, 1.192982456140351]"
76,2017-06-30,20170630SSSK0,"[0, 0, 4.5, 1.9545454545454546, 1.05, 1.0476190476190477]","[0, 0, 6.517241379310345, 1.5517241379310345, 5.0, 1.380952380952381]","[0, 0, 9.321428571428571, 1.6785714285714286, 1.0666666666666667, 2.0]","[0, 1, 5.538461538461538, 1.2564102564102564, 2.8333333333333335, 1.1818181818181819]","[0, 0, 5.1923076923076925, 1.2692307692307694, 0.75, 1.0833333333333333]","[0, 0, 0.0, 2.0, 1, 1.0]","[0, 0, 0, 0, 0, 0]","[0, 0, 0, 0, 0, 0]","[0, 0, 0, 0, 0, 0]","[0, 0, 0, 0, 0, 0]","[0, 0, 0, 0, 0, 0]","[0, 0, 0, 0, 0, 0]","[0, 1, 7.917293233082706, 1.7593984962406015, 1.5909090909090908, 2.607843137254902]","[0, 0, 5.60377358490566, 1.8962264150943395, 1.0740740740740742, 1.1397849462365592]","[0, 0, 0, 0, 0, 0]","[0, 0, 7.9772727272727275, 2.25, 1.0, 2.444444444444444]","[0, 0, 4.879518072289157, 1.8072289156626504, 0.7142857142857143, 4.611111111111112]","[0, 0, 4.909090909090909, 1.4703557312252966, 1.5454545454545454, 6.023809523809524]","[0, 0, 0.0, 0.8571428571428571, 5.0, 0.7777777777777778]","[0, 0, 10.125, 2.25, 1.5, 1.1428571428571428]","[0, 0, 0, 0, 0, 0]","[0, 0, 4.689473684210527, 1.3421052631578947, 4.909090909090909, 5.277777777777778]","[1, 0, 3.8571428571428568, 1.2162162162162162, 2.6363636363636362, 6.166666666666666]","[0, 0, 3.6, 1.4, 1.0, 0.7142857142857143]","[0, 1, 5.869565217391304, 1.6956521739130435, 2.9166666666666665, 1.9166666666666667]","[0, 0, 0, 0, 0, 0]","[0, 0, 4.204918032786885, 1.4262295081967213, 2.3333333333333335, 2.033333333333333]","[0, 0, 3.9705882352941178, 1.5, 2.909090909090909, 1.3076923076923077]","[0, 0, 0, 0, 0, 0]","[0, 0, 0, 0, 0, 0]","[0, 0, 5.5, 1.8888888888888888, 0.6666666666666666, 1.6363636363636365]","[0, 0, 5.5588235294117645, 1.2352941176470587, 3.1666666666666665, 1.192982456140351]"
77,2017-07-01,20170701SSSK0,"[0, 0, 4.5, 1.9545454545454546, 1.05, 1.0476190476190477]","[0, 0, 6.517241379310345, 1.5517241379310345, 5.0, 1.380952380952381]","[0, 0, 9.321428571428571, 1.6785714285714286, 1.0666666666666667, 2.0]","[0, 1, 5.445378151260504, 1.2605042016806725, 2.736842105263158, 1.1666666666666665]","[0, 0, 5.1923076923076925, 1.2692307692307694, 0.75, 1.0833333333333333]","[0, 0, 0.0, 2.0, 1, 1.0]","[0, 0, 0, 0, 0, 0]","[0, 0, 0, 0, 0, 0]","[0, 0, 0, 0, 0, 0]","[0, 0, 0, 0, 0, 0]","[0, 0, 0, 0, 0, 0]","[0, 0, 0, 0, 0, 0]","[0, 0, 7.917293233082706, 1.7593984962406015, 1.5909090909090908, 2.607843137254902]","[0, 0, 5.60377358490566, 1.8962264150943395, 1.0740740740740742, 1.1397849462365592]","[0, 0, 0, 0, 0, 0]","[0, 0, 7.9772727272727275, 2.25, 1.0, 2.444444444444444]","[0, 0, 4.879518072289157, 1.8072289156626504, 0.7142857142857143, 4.611111111111112]","[0, 0, 4.909090909090909, 1.4703557312252966, 1.5454545454545454, 6.023809523809524]","[0, 0, 0.0, 0.8571428571428571, 5.0, 0.7777777777777778]","[0, 0, 10.125, 2.25, 1.5, 1.1428571428571428]","[0, 0, 0, 0, 0, 0]","[1, 0, 4.821428571428571, 1.4081632653061225, 4.5, 5.0256410256410255]","[0, 0, 3.8571428571428568, 1.2162162162162162, 2.6363636363636362, 6.166666666666666]","[0, 0, 3.6, 1.4, 1.0, 0.7142857142857143]","[0, 0, 5.869565217391304, 1.6956521739130435, 2.9166666666666665, 1.9166666666666667]","[0, 0, 0, 0, 0, 0]","[0, 0, 4.204918032786885, 1.4262295081967213, 2.3333333333333335, 2.033333333333333]","[0, 1, 4.0, 1.4722222222222223, 3.1818181818181817, 1.3333333333333333]","[0, 0, 0, 0, 0, 0]","[0, 0, 0, 0, 0, 0]","[0, 0, 5.5, 1.8888888888888888, 0.6666666666666666, 1.6363636363636365]","[0, 0, 5.5588235294117645, 1.2352941176470587, 3.1666666666666665, 1.192982456140351]"
78,2017-07-02,20170702SSSK0,"[0, 0, 4.5, 1.9545454545454546, 1.05, 1.0476190476190477]","[0, 0, 6.517241379310345, 1.5517241379310345, 5.0, 1.380952380952381]","[0, 0, 9.321428571428571, 1.6785714285714286, 1.0666666666666667, 2.0]","[0, 0, 5.445378151260504, 1.2605042016806725, 2.736842105263158, 1.1666666666666665]","[0, 0, 5.1923076923076925, 1.2692307692307694, 0.75, 1.0833333333333333]","[0, 0, 0.0, 2.0, 1, 1.0]","[0, 0, 0, 0, 0, 0]","[0, 0, 0, 0, 0, 0]","[0, 0, 0, 0, 0, 0]","[0, 0, 0, 0, 0, 0]","[0, 0, 0, 0, 0, 0]","[0, 0, 0, 0, 0, 0]","[0, 0, 7.917293233082706, 1.7593984962406015, 1.5909090909090908, 2.607843137254902]","[0, 0, 5.60377358490566, 1.8962264150943395, 1.0740740740740742, 1.1397849462365592]","[0, 0, 0, 0, 0, 0]","[0, 0, 7.9772727272727275, 2.25, 1.0, 2.444444444444444]","[1, 0, 6.2727272727272725, 1.8181818181818181, 0.7727272727272727, 4.714285714285714]","[0, 0, 4.909090909090909, 1.4703557312252966, 1.5454545454545454, 6.023809523809524]","[0, 0, 0.0, 0.8571428571428571, 5.0, 0.7777777777777778]","[0, 0, 10.125, 2.25, 1.5, 1.1428571428571428]","[0, 0, 0, 0, 0, 0]","[0, 0, 4.821428571428571, 1.4081632653061225, 4.5, 5.0256410256410255]","[0, 0, 3.8571428571428568, 1.2162162162162162, 2.6363636363636362, 6.166666666666666]","[0, 0, 3.6, 1.4, 1.0, 0.7142857142857143]","[0, 1, 5.899159663865547, 1.6890756302521008, 3.0, 1.8888888888888888]","[0, 0, 0, 0, 0, 0]","[0, 0, 4.204918032786885, 1.4262295081967213, 2.3333333333333335, 2.033333333333333]","[0, 0, 4.0, 1.4722222222222223, 3.1818181818181817, 1.3333333333333333]","[0, 0, 0, 0, 0, 0]","[0, 0, 0, 0, 0, 0]","[0, 0, 5.5, 1.8888888888888888, 0.6666666666666666, 1.6363636363636365]","[0, 0, 5.5588235294117645, 1.2352941176470587, 3.1666666666666665, 1.192982456140351]"
79,2017-07-04,20170704LTSS0,"[0, 0, 4.5, 1.9545454545454546, 1.05, 1.0476190476190477]","[0, 0, 6.517241379310345, 1.5517241379310345, 5.0, 1.380952380952381]","[0, 0, 9.321428571428571, 1.6785714285714286, 1.0666666666666667, 2.0]","[0, 1, 5.2682926829268295, 1.2682926829268293, 2.75, 1.1714285714285715]","[0, 0, 5.1923076923076925, 1.2692307692307694, 0.75, 1.0833333333333333]","[0, 0, 0.0, 2.0, 1, 1.0]","[0, 0, 0, 0, 0, 0]","[0, 0, 0, 0, 0, 0]","[0, 0, 0, 0, 0, 0]","[0, 0, 0, 0, 0, 0]","[0, 0, 0, 0, 0, 0]","[0, 0, 0, 0, 0, 0]","[0, 0, 7.917293233082706, 1.7593984962406015, 1.5909090909090908, 2.607843137254902]","[0, 0, 5.60377358490566, 1.8962264150943395, 1.0740740740740742, 1.1397849462365592]","[0, 0, 0, 0, 0, 0]","[0, 0, 7.9772727272727275, 2.25, 1.0, 2.444444444444444]","[0, 0, 6.2727272727272725, 1.8181818181818181, 0.7727272727272727, 4.714285714285714]","[0, 0, 4.909090909090909, 1.4703557312252966, 1.5454545454545454, 6.023809523809524]","[0, 0, 0.0, 0.8571428571428571, 5.0, 0.7777777777777778]","[0, 0, 10.125, 2.25, 1.5, 1.1428571428571428]","[0, 0, 0, 0, 0, 0]","[0, 0, 4.821428571428571, 1.4081632653061225, 4.5, 5.0256410256410255]","[0, 0, 3.8571428571428568, 1.2162162162162162, 2.6363636363636362, 6.166666666666666]","[0, 0, 3.6, 1.4, 1.0, 0.7142857142857143]","[0, 1, 5.707317073170732, 1.6341463414634145, 3.1666666666666665, 1.8636363636363635]","[0, 0, 0, 0, 0, 0]","[1, 0, 4.432835820895522, 1.5447761194029852, 2.111111111111111, 2.126984126984127]","[0, 1, 4.300884955752212, 1.4867256637168142, 3.5454545454545454, 1.3452380952380951]","[0, 0, 0, 0, 0, 0]","[0, 0, 0, 0, 0, 0]","[0, 0, 5.5, 1.8888888888888888, 0.6666666666666666, 1.6363636363636365]","[0, 0, 5.5588235294117645, 1.2352941176470587, 3.1666666666666665, 1.192982456140351]"
80,2017-07-05,20170705LTSS0,"[0, 0, 4.5, 1.9545454545454546, 1.05, 1.0476190476190477]","[0, 0, 6.517241379310345, 1.5517241379310345, 5.0, 1.380952380952381]","[0, 1, 10.2, 1.8, 1.0666666666666667, 2.0]","[0, 1, 5.102362204724409, 1.2283464566929134, 2.9, 1.175925925925926]","[0, 0, 5.1923076923076925, 1.2692307692307694, 0.75, 1.0833333333333333]","[0, 0, 0.0, 2.0, 1, 1.0]","[0, 0, 0, 0, 0, 0]","[0, 0, 0, 0, 0, 0]","[0, 0, 0, 0, 0, 0]","[0, 0, 0, 0, 0, 0]","[0, 0, 0, 0, 0, 0]","[0, 0, 0, 0, 0, 0]","[0, 0, 7.917293233082706, 1.7593984962406015, 1.5909090909090908, 2.607843137254902]","[0, 0, 5.60377358490566, 1.8962264150943395, 1.0740740740740742, 1.1397849462365592]","[0, 0, 0, 0, 0, 0]","[0, 0, 7.9772727272727275, 2.25, 1.0, 2.444444444444444]","[0, 0, 6.2727272727272725, 1.8181818181818181, 0.7727272727272727, 4.714285714285714]","[1, 0, 6.254826254826255, 1.6447876447876448, 1.4166666666666667, 5.7555555555555555]","[0, 0, 0.0, 0.8571428571428571, 5.0, 0.7777777777777778]","[0, 0, 10.125, 2.25, 1.5, 1.1428571428571428]","[0, 0, 0, 0, 0, 0]","[0, 0, 4.821428571428571, 1.4081632653061225, 4.5, 5.0256410256410255]","[0, 0, 3.8571428571428568, 1.2162162162162162, 2.6363636363636362, 6.166666666666666]","[0, 0, 3.6, 1.4, 1.0, 0.7142857142857143]","[0, 1, 5.661290322580645, 1.6209677419354838, 3.25, 1.7971014492753625]","[0, 0, 0, 0, 0, 0]","[0, 0, 4.432835820895522, 1.5447761194029852, 2.111111111111111, 2.126984126984127]","[0, 1, 4.153846153846154, 1.5128205128205128, 3.4166666666666665, 1.3448275862068966]","[0, 0, 0, 0, 0, 0]","[0, 0, 0, 0, 0, 0]","[0, 0, 5.5, 1.8888888888888888, 0.6666666666666666, 1.6363636363636365]","[0, 0, 5.5588235294117645, 1.2352941176470587, 3.1666666666666665, 1.192982456140351]"
81,2017-07-06,20170706LTSS0,"[0, 0, 4.5, 1.9545454545454546, 1.05, 1.0476190476190477]","[0, 0, 6.517241379310345, 1.5517241379310345, 5.0, 1.380952380952381]","[0, 1, 10.087912087912088, 1.7802197802197803, 1.0666666666666667, 1.8958333333333333]","[0, 0, 5.102362204724409, 1.2283464566929134, 2.9, 1.175925925925926]","[0, 0, 5.1923076923076925, 1.2692307692307694, 0.75, 1.0833333333333333]","[0, 0, 0.0, 2.0, 1, 1.0]","[0, 0, 0, 0, 0, 0]","[0, 0, 0, 0, 0, 0]","[0, 0, 0, 0, 0, 0]","[0, 0, 0, 0, 0, 0]","[0, 0, 0, 0, 0, 0]","[0, 0, 0, 0, 0, 0]","[0, 1, 7.9411764705882355, 1.7647058823529411, 1.6363636363636365, 2.5185185185185186]","[0, 0, 5.60377358490566, 1.8962264150943395, 1.0740740740740742, 1.1397849462365592]","[0, 0, 0, 0, 0, 0]","[0, 0, 7.9772727272727275, 2.25, 1.0, 2.444444444444444]","[0, 0, 6.2727272727272725, 1.8181818181818181, 0.7727272727272727, 4.714285714285714]","[0, 0, 6.254826254826255, 1.6447876447876448, 1.4166666666666667, 5.7555555555555555]","[0, 0, 0.0, 0.8571428571428571, 5.0, 0.7777777777777778]","[0, 0, 10.125, 2.25, 1.5, 1.1428571428571428]","[0, 0, 0, 0, 0, 0]","[0, 0, 4.821428571428571, 1.4081632653061225, 4.5, 5.0256410256410255]","[1, 0, 4.138686131386861, 1.2372262773722629, 2.75, 6.088888888888889]","[0, 0, 3.6, 1.4, 1.0, 0.7142857142857143]","[0, 0, 5.661290322580645, 1.6209677419354838, 3.25, 1.7971014492753625]","[0, 0, 0, 0, 0, 0]","[0, 0, 4.432835820895522, 1.5447761194029852, 2.111111111111111, 2.126984126984127]","[0, 0, 4.153846153846154, 1.5128205128205128, 3.4166666666666665, 1.3448275862068966]","[0, 0, 0, 0, 0, 0]","[0, 0, 0, 0, 0, 0]","[0, 0, 5.5, 1.8888888888888888, 0.6666666666666666, 1.6363636363636365]","[0, 0, 5.5588235294117645, 1.2352941176470587, 3.1666666666666665, 1.192982456140351]"
82,2017-07-07,20170707WOSS0,"[0, 1, 4.304347826086956, 1.9130434782608696, 1.05, 1.0454545454545454]","[0, 0, 6.517241379310345, 1.5517241379310345, 5.0, 1.380952380952381]","[0, 0, 10.087912087912088, 1.7802197802197803, 1.0666666666666667, 1.8958333333333333]","[0, 0, 5.102362204724409, 1.2283464566929134, 2.9, 1.175925925925926]","[0, 0, 5.1923076923076925, 1.2692307692307694, 0.75, 1.0833333333333333]","[0, 0, 0.0, 2.0, 1, 1.0]","[0, 0, 0, 0, 0, 0]","[0, 0, 0, 0, 0, 0]","[0, 0, 0, 0, 0, 0]","[0, 0, 0, 0, 0, 0]","[0, 0, 0, 0, 0, 0]","[0, 0, 0, 0, 0, 0]","[0, 0, 7.9411764705882355, 1.7647058823529411, 1.6363636363636365, 2.5185185185185186]","[0, 0, 5.60377358490566, 1.8962264150943395, 1.0740740740740742, 1.1397849462365592]","[0, 0, 0, 0, 0, 0]","[0, 0, 7.9772727272727275, 2.25, 1.0, 2.444444444444444]","[0, 0, 6.2727272727272725, 1.8181818181818181, 0.7727272727272727, 4.714285714285714]","[0, 0, 6.254826254826255, 1.6447876447876448, 1.4166666666666667, 5.7555555555555555]","[0, 0, 0.0, 0.8571428571428571, 5.0, 0.7777777777777778]","[0, 0, 10.125, 2.25, 1.5, 1.1428571428571428]","[0, 0, 0, 0, 0, 0]","[1, 0, 4.66822429906542, 1.3317757009345794, 4.833333333333333, 5.095238095238095]","[0, 0, 4.138686131386861, 1.2372262773722629, 2.75, 6.088888888888889]","[0, 0, 3.6, 1.4, 1.0, 0.7142857142857143]","[0, 1, 5.571428571428571, 1.619047619047619, 3.25, 1.75]","[0, 0, 0, 0, 0, 0]","[0, 0, 4.432835820895522, 1.5447761194029852, 2.111111111111111, 2.126984126984127]","[0, 0, 4.153846153846154, 1.5128205128205128, 3.4166666666666665, 1.3448275862068966]","[0, 0, 0, 0, 0, 0]","[0, 0, 0, 0, 0, 0]","[0, 0, 5.5, 1.8888888888888888, 0.6666666666666666, 1.6363636363636365]","[0, 1, 7.225352112676056, 1.3943661971830985, 3.5, 1.1833333333333333]"
83,2017-07-08,20170708WOSS0,"[0, 0, 4.304347826086956, 1.9130434782608696, 1.05, 1.0454545454545454]","[0, 0, 6.517241379310345, 1.5517241379310345, 5.0, 1.380952380952381]","[0, 1, 9.76595744680851, 1.723404255319149, 1.1333333333333333, 1.8431372549019607]","[0, 0, 5.102362204724409, 1.2283464566929134, 2.9, 1.175925925925926]","[0, 0, 5.1923076923076925, 1.2692307692307694, 0.75, 1.0833333333333333]","[0, 0, 0.0, 2.0, 1, 1.0]","[0, 0, 0, 0, 0, 0]","[0, 0, 0, 0, 0, 0]","[0, 0, 0, 0, 0, 0]","[0, 0, 0, 0, 0, 0]","[0, 0, 0, 0, 0, 0]","[0, 0, 0, 0, 0, 0]","[0, 1, 7.605633802816902, 1.732394366197183, 1.6818181818181819, 2.491228070175439]","[0, 0, 5.60377358490566, 1.8962264150943395, 1.0740740740740742, 1.1397849462365592]","[0, 0, 0, 0, 0, 0]","[0, 0, 7.9772727272727275, 2.25, 1.0, 2.444444444444444]","[1, 0, 7.250000000000001, 2.0, 0.8636363636363636, 4.5]","[0, 0, 6.254826254826255, 1.6447876447876448, 1.4166666666666667, 5.7555555555555555]","[0, 0, 0.0, 0.8571428571428571, 5.0, 0.7777777777777778]","[0, 0, 10.125, 2.25, 1.5, 1.1428571428571428]","[0, 0, 0, 0, 0, 0]","[0, 0, 4.66822429906542, 1.3317757009345794, 4.833333333333333, 5.095238095238095]","[0, 0, 4.138686131386861, 1.2372262773722629, 2.75, 6.088888888888889]","[0, 0, 3.6, 1.4, 1.0, 0.7142857142857143]","[0, 0, 5.571428571428571, 1.619047619047619, 3.25, 1.75]","[0, 0, 0, 0, 0, 0]","[0, 0, 4.432835820895522, 1.5447761194029852, 2.111111111111111, 2.126984126984127]","[0, 0, 4.153846153846154, 1.5128205128205128, 3.4166666666666665, 1.3448275862068966]","[0, 0, 0, 0, 0, 0]","[0, 0, 0, 0, 0, 0]","[0, 0, 5.5, 1.8888888888888888, 0.6666666666666666, 1.6363636363636365]","[0, 0, 7.225352112676056, 1.3943661971830985, 3.5, 1.1833333333333333]"
84,2017-07-09,20170709WOSS0,"[0, 0, 4.304347826086956, 1.9130434782608696, 1.05, 1.0454545454545454]","[0, 0, 6.517241379310345, 1.5517241379310345, 5.0, 1.380952380952381]","[0, 0, 9.76595744680851, 1.723404255319149, 1.1333333333333333, 1.8431372549019607]","[0, 1, 4.984615384615385, 1.2, 2.95, 1.1711711711711712]","[0, 0, 5.1923076923076925, 1.2692307692307694, 0.75, 1.0833333333333333]","[0, 0, 0.0, 2.0, 1, 1.0]","[0, 0, 0, 0, 0, 0]","[0, 0, 0, 0, 0, 0]","[0, 0, 0, 0, 0, 0]","[0, 0, 0, 0, 0, 0]","[0, 0, 0, 0, 0, 0]","[0, 0, 0, 0, 0, 0]","[0, 0, 7.605633802816902, 1.732394366197183, 1.6818181818181819, 2.491228070175439]","[0, 0, 5.60377358490566, 1.8962264150943395, 1.0740740740740742, 1.1397849462365592]","[0, 0, 0, 0, 0, 0]","[0, 0, 7.9772727272727275, 2.25, 1.0, 2.444444444444444]","[0, 0, 7.250000000000001, 2.0, 0.8636363636363636, 4.5]","[0, 0, 6.254826254826255, 1.6447876447876448, 1.4166666666666667, 5.7555555555555555]","[0, 0, 0.0, 0.8571428571428571, 5.0, 0.7777777777777778]","[0, 0, 10.125, 2.25, 1.5, 1.1428571428571428]","[0, 0, 0, 0, 0, 0]","[0, 0, 4.66822429906542, 1.3317757009345794, 4.833333333333333, 5.095238095238095]","[0, 0, 4.138686131386861, 1.2372262773722629, 2.75, 6.088888888888889]","[0, 0, 3.6, 1.4, 1.0, 0.7142857142857143]","[0, 0, 5.571428571428571, 1.619047619047619, 3.25, 1.75]","[0, 0, 0, 0, 0, 0]","[1, 0, 4.0855263157894735, 1.4605263157894737, 2.263157894736842, 2.3030303030303028]","[0, 1, 4.5, 1.55, 3.1538461538461537, 1.3333333333333333]","[0, 0, 0, 0, 0, 0]","[0, 0, 0, 0, 0, 0]","[0, 0, 5.5, 1.8888888888888888, 0.6666666666666666, 1.6363636363636365]","[0, 0, 7.225352112676056, 1.3943661971830985, 3.5, 1.1833333333333333]"
85,2017-07-11,20170711SSKT0,"[0, 0, 4.304347826086956, 1.9130434782608696, 1.05, 1.0454545454545454]","[0, 0, 6.517241379310345, 1.5517241379310345, 5.0, 1.380952380952381]","[0, 1, 9.264705882352942, 1.7058823529411764, 1.25, 1.8888888888888888]","[0, 1, 4.835820895522388, 1.2313432835820897, 2.772727272727273, 1.175438596491228]","[0, 0, 5.1923076923076925, 1.2692307692307694, 0.75, 1.0833333333333333]","[0, 0, 0.0, 2.0, 1, 1.0]","[0, 0, 0, 0, 0, 0]","[0, 0, 0, 0, 0, 0]","[0, 0, 0, 0, 0, 0]","[0, 0, 0, 0, 0, 0]","[0, 0, 0, 0, 0, 0]","[0, 0, 0, 0, 0, 0]","[0, 1, 7.7142857142857135, 1.7346938775510203, 1.6521739130434783, 2.45]","[0, 0, 5.60377358490566, 1.8962264150943395, 1.0740740740740742, 1.1397849462365592]","[0, 0, 0, 0, 0, 0]","[0, 0, 7.9772727272727275, 2.25, 1.0, 2.444444444444444]","[0, 0, 7.250000000000001, 2.0, 0.8636363636363636, 4.5]","[1, 0, 6.140794223826715, 1.6245487364620939, 1.4864864864864864, 5.770833333333333]","[0, 0, 0.0, 0.8571428571428571, 5.0, 0.7777777777777778]","[0, 0, 10.125, 2.25, 1.5, 1.1428571428571428]","[0, 0, 0, 0, 0, 0]","[0, 0, 4.66822429906542, 1.3317757009345794, 4.833333333333333, 5.095238095238095]","[0, 0, 4.138686131386861, 1.2372262773722629, 2.75, 6.088888888888889]","[0, 0, 3.6, 1.4, 1.0, 0.7142857142857143]","[0, 1, 5.8604651162790695, 1.6511627906976745, 3.25, 1.72]","[0, 0, 0, 0, 0, 0]","[0, 0, 4.0855263157894735, 1.4605263157894737, 2.263157894736842, 2.3030303030303028]","[0, 1, 4.354838709677419, 1.5241935483870968, 3.3076923076923075, 1.3333333333333335]","[0, 0, 0, 0, 0, 0]","[0, 0, 0, 0, 0, 0]","[0, 0, 5.5, 1.8888888888888888, 0.6666666666666666, 1.6363636363636365]","[0, 0, 7.225352112676056, 1.3943661971830985, 3.5, 1.1833333333333333]"
86,2017-07-12,20170712SSKT0,"[0, 0, 4.304347826086956, 1.9130434782608696, 1.05, 1.0454545454545454]","[0, 0, 6.517241379310345, 1.5517241379310345, 5.0, 1.380952380952381]","[0, 0, 9.264705882352942, 1.7058823529411764, 1.25, 1.8888888888888888]","[0, 0, 4.835820895522388, 1.2313432835820897, 2.772727272727273, 1.175438596491228]","[0, 0, 5.1923076923076925, 1.2692307692307694, 0.75, 1.0833333333333333]","[0, 0, 0.0, 2.0, 1, 1.0]","[0, 0, 0, 0, 0, 0]","[0, 0, 0, 0, 0, 0]","[0, 0, 0, 0, 0, 0]","[0, 0, 0, 0, 0, 0]","[0, 0, 0, 0, 0, 0]","[0, 0, 0, 0, 0, 0]","[0, 0, 7.7142857142857135, 1.7346938775510203, 1.6521739130434783, 2.45]","[0, 1, 5.75, 1.9444444444444444, 1.0714285714285714, 1.125]","[0, 0, 0, 0, 0, 0]","[0, 0, 7.9772727272727275, 2.25, 1.0, 2.444444444444444]","[0, 0, 7.250000000000001, 2.0, 0.8636363636363636, 4.5]","[0, 0, 6.140794223826715, 1.6245487364620939, 1.4864864864864864, 5.770833333333333]","[0, 0, 0.0, 0.8571428571428571, 5.0, 0.7777777777777778]","[0, 0, 10.125, 2.25, 1.5, 1.1428571428571428]","[0, 0, 0, 0, 0, 0]","[0, 0, 4.66822429906542, 1.3317757009345794, 4.833333333333333, 5.095238095238095]","[1, 0, 4.2534246575342465, 1.2328767123287672, 2.9166666666666665, 6.083333333333333]","[0, 0, 3.6, 1.4, 1.0, 0.7142857142857143]","[0, 0, 5.8604651162790695, 1.6511627906976745, 3.25, 1.72]","[0, 0, 0, 0, 0, 0]","[0, 0, 4.0855263157894735, 1.4605263157894737, 2.263157894736842, 2.3030303030303028]","[0, 0, 4.354838709677419, 1.5241935483870968, 3.3076923076923075, 1.3333333333333335]","[0, 0, 0, 0, 0, 0]","[0, 0, 0, 0, 0, 0]","[0, 0, 5.5, 1.8888888888888888, 0.6666666666666666, 1.6363636363636365]","[0, 1, 6.9324324324324325, 1.3378378378378377, 3.5, 1.1746031746031746]"
87,2017-07-13,20170713SSKT0,"[0, 0, 4.304347826086956, 1.9130434782608696, 1.05, 1.0454545454545454]","[0, 0, 6.517241379310345, 1.5517241379310345, 5.0, 1.380952380952381]","[0, 0, 9.264705882352942, 1.7058823529411764, 1.25, 1.8888888888888888]","[0, 1, 4.764705882352941, 1.2573529411764706, 2.5833333333333335, 1.1623931623931625]","[0, 0, 5.1923076923076925, 1.2692307692307694, 0.75, 1.0833333333333333]","[0, 0, 0.0, 2.0, 1, 1.0]","[0, 0, 0, 0, 0, 0]","[0, 0, 0, 0, 0, 0]","[0, 0, 0, 0, 0, 0]","[0, 0, 0, 0, 0, 0]","[0, 0, 0, 0, 0, 0]","[0, 0, 0, 0, 0, 0]","[0, 0, 7.7142857142857135, 1.7346938775510203, 1.6521739130434783, 2.45]","[0, 0, 5.75, 1.9444444444444444, 1.0714285714285714, 1.125]","[0, 0, 0, 0, 0, 0]","[0, 0, 7.9772727272727275, 2.25, 1.0, 2.444444444444444]","[0, 0, 7.250000000000001, 2.0, 0.8636363636363636, 4.5]","[0, 0, 6.140794223826715, 1.6245487364620939, 1.4864864864864864, 5.770833333333333]","[0, 0, 0.0, 0.8571428571428571, 5.0, 0.7777777777777778]","[0, 0, 10.125, 2.25, 1.5, 1.1428571428571428]","[0, 0, 0, 0, 0, 0]","[1, 0, 5.047826086956522, 1.3565217391304347, 4.916666666666667, 5.111111111111112]","[0, 0, 4.2534246575342465, 1.2328767123287672, 2.9166666666666665, 6.083333333333333]","[0, 0, 3.6, 1.4, 1.0, 0.7142857142857143]","[0, 1, 5.770992366412214, 1.6488549618320612, 3.25, 1.6794871794871793]","[0, 0, 0, 0, 0, 0]","[0, 1, 3.9473684210526314, 1.4035087719298245, 2.238095238095238, 2.4782608695652173]","[0, 1, 4.153846153846154, 1.4769230769230768, 3.4615384615384617, 1.3541666666666667]","[0, 0, 0, 0, 0, 0]","[0, 0, 0, 0, 0, 0]","[0, 0, 5.5, 1.8888888888888888, 0.6666666666666666, 1.6363636363636365]","[0, 0, 6.9324324324324325, 1.3378378378378377, 3.5, 1.1746031746031746]"
88,2017-07-18,20170718SSLT0,"[0, 0, 4.304347826086956, 1.9130434782608696, 1.05, 1.0454545454545454]","[0, 0, 6.517241379310345, 1.5517241379310345, 5.0, 1.380952380952381]","[0, 1, 9.174757281553399, 1.7184466019417475, 1.1764705882352942, 1.8070175438596492]","[0, 0, 4.764705882352941, 1.2573529411764706, 2.5833333333333335, 1.1623931623931625]","[0, 0, 5.1923076923076925, 1.2692307692307694, 0.75, 1.0833333333333333]","[0, 0, 0.0, 2.0, 1, 1.0]","[0, 0, 0, 0, 0, 0]","[0, 0, 0, 0, 0, 0]","[0, 0, 0, 0, 0, 0]","[0, 0, 0, 0, 0, 0]","[0, 0, 0, 0, 0, 0]","[0, 0, 0, 0, 0, 0]","[0, 0, 7.7142857142857135, 1.7346938775510203, 1.6521739130434783, 2.45]","[0, 0, 5.75, 1.9444444444444444, 1.0714285714285714, 1.125]","[0, 0, 0, 0, 0, 0]","[0, 0, 7.9772727272727275, 2.25, 1.0, 2.444444444444444]","[0, 0, 7.250000000000001, 2.0, 0.8636363636363636, 4.5]","[0, 0, 6.140794223826715, 1.6245487364620939, 1.4864864864864864, 5.770833333333333]","[0, 0, 0.0, 0.8571428571428571, 5.0, 0.7777777777777778]","[0, 0, 10.125, 2.25, 1.5, 1.1428571428571428]","[0, 0, 0, 0, 0, 0]","[0, 0, 5.047826086956522, 1.3565217391304347, 4.916666666666667, 5.111111111111112]","[0, 0, 4.2534246575342465, 1.2328767123287672, 2.9166666666666665, 6.083333333333333]","[0, 0, 3.6, 1.4, 1.0, 0.7142857142857143]","[0, 0, 5.770992366412214, 1.6488549618320612, 3.25, 1.6794871794871793]","[0, 0, 0, 0, 0, 0]","[1, 0, 4.213872832369942, 1.4219653179190752, 2.238095238095238, 2.4027777777777777]","[0, 0, 4.153846153846154, 1.4769230769230768, 3.4615384615384617, 1.3541666666666667]","[0, 0, 0, 0, 0, 0]","[0, 0, 0, 0, 0, 0]","[0, 1, 5.641791044776119, 2.0149253731343286, 0.7272727272727273, 1.861111111111111]","[0, 0, 6.9324324324324325, 1.3378378378378377, 3.5, 1.1746031746031746]"
89,2017-07-19,20170719SSLT0,"[0, 0, 4.304347826086956, 1.9130434782608696, 1.05, 1.0454545454545454]","[0, 0, 6.517241379310345, 1.5517241379310345, 5.0, 1.380952380952381]","[0, 0, 9.174757281553399, 1.7184466019417475, 1.1764705882352942, 1.8070175438596492]","[0, 1, 4.856115107913669, 1.2517985611510791, 2.48, 1.1583333333333334]","[0, 0, 5.1923076923076925, 1.2692307692307694, 0.75, 1.0833333333333333]","[0, 0, 0.0, 2.0, 1, 1.0]","[0, 0, 0, 0, 0, 0]","[0, 0, 0, 0, 0, 0]","[0, 0, 0, 0, 0, 0]","[0, 0, 0, 0, 0, 0]","[0, 0, 0, 0, 0, 0]","[0, 0, 0, 0, 0, 0]","[0, 1, 7.662162162162161, 1.7432432432432432, 1.6521739130434783, 2.3492063492063493]","[0, 0, 5.75, 1.9444444444444444, 1.0714285714285714, 1.125]","[0, 0, 0, 0, 0, 0]","[0, 0, 7.9772727272727275, 2.25, 1.0, 2.444444444444444]","[0, 0, 7.250000000000001, 2.0, 0.8636363636363636, 4.5]","[1, 0, 5.917808219178082, 1.6232876712328768, 1.5789473684210527, 5.7254901960784315]","[0, 0, 0.0, 0.8571428571428571, 5.0, 0.7777777777777778]","[0, 0, 10.125, 2.25, 1.5, 1.1428571428571428]","[0, 0, 0, 0, 0, 0]","[0, 0, 5.047826086956522, 1.3565217391304347, 4.916666666666667, 5.111111111111112]","[0, 0, 4.2534246575342465, 1.2328767123287672, 2.9166666666666665, 6.083333333333333]","[0, 0, 3.6, 1.4, 1.0, 0.7142857142857143]","[0, 1, 5.684210526315789, 1.669172932330827, 2.7857142857142856, 1.6419753086419755]","[0, 0, 0, 0, 0, 0]","[0, 0, 4.213872832369942, 1.4219653179190752, 2.238095238095238, 2.4027777777777777]","[0, 1, 4.835820895522388, 1.6119402985074627, 2.875, 1.3535353535353534]","[0, 0, 0, 0, 0, 0]","[0, 0, 0, 0, 0, 0]","[0, 0, 5.641791044776119, 2.0149253731343286, 0.7272727272727273, 1.861111111111111]","[0, 0, 6.9324324324324325, 1.3378378378378377, 3.5, 1.1746031746031746]"
90,2017-07-20,20170720SSLT0,"[0, 0, 4.304347826086956, 1.9130434782608696, 1.05, 1.0454545454545454]","[0, 0, 6.517241379310345, 1.5517241379310345, 5.0, 1.380952380952381]","[0, 0, 9.174757281553399, 1.7184466019417475, 1.1764705882352942, 1.8070175438596492]","[0, 1, 4.753521126760563, 1.2676056338028168, 2.423076923076923, 1.1544715447154472]","[0, 0, 5.1923076923076925, 1.2692307692307694, 0.75, 1.0833333333333333]","[0, 0, 0.0, 2.0, 1, 1.0]","[0, 0, 0, 0, 0, 0]","[0, 0, 0, 0, 0, 0]","[0, 0, 0, 0, 0, 0]","[0, 0, 0, 0, 0, 0]","[0, 0, 0, 0, 0, 0]","[0, 0, 0, 0, 0, 0]","[0, 0, 7.662162162162161, 1.7432432432432432, 1.6521739130434783, 2.3492063492063493]","[0, 0, 5.75, 1.9444444444444444, 1.0714285714285714, 1.125]","[0, 0, 0, 0, 0, 0]","[0, 0, 7.9772727272727275, 2.25, 1.0, 2.444444444444444]","[0, 0, 7.250000000000001, 2.0, 0.8636363636363636, 4.5]","[0, 0, 5.917808219178082, 1.6232876712328768, 1.5789473684210527, 5.7254901960784315]","[0, 0, 0.0, 0.8571428571428571, 5.0, 0.7777777777777778]","[0, 0, 10.125, 2.25, 1.5, 1.1428571428571428]","[0, 0, 0, 0, 0, 0]","[0, 0, 5.047826086956522, 1.3565217391304347, 4.916666666666667, 5.111111111111112]","[1, 0, 4.054313099041534, 1.2076677316293931, 3.1666666666666665, 6.137254901960784]","[0, 0, 3.6, 1.4, 1.0, 0.7142857142857143]","[0, 1, 5.684210526315789, 1.6917293233082706, 2.7857142857142856, 1.5833333333333335]","[0, 0, 0, 0, 0, 0]","[0, 0, 4.213872832369942, 1.4219653179190752, 2.238095238095238, 2.4027777777777777]","[0, 1, 4.695652173913043, 1.565217391304348, 3.0, 1.3529411764705883]","[0, 0, 0, 0, 0, 0]","[0, 0, 0, 0, 0, 0]","[0, 0, 5.641791044776119, 2.0149253731343286, 0.7272727272727273, 1.861111111111111]","[0, 1, 6.662337662337662, 1.3246753246753247, 3.5, 1.1666666666666667]"
91,2017-07-21,20170721LGSS0,"[0, 1, 4.378378378378379, 1.9459459459459458, 1.0, 1.0724637681159421]","[0, 0, 6.517241379310345, 1.5517241379310345, 5.0, 1.380952380952381]","[0, 0, 9.174757281553399, 1.7184466019417475, 1.1764705882352942, 1.8070175438596492]","[0, 0, 4.753521126760563, 1.2676056338028168, 2.423076923076923, 1.1544715447154472]","[0, 0, 5.1923076923076925, 1.2692307692307694, 0.75, 1.0833333333333333]","[0, 0, 0.0, 2.0, 1, 1.0]","[0, 0, 0, 0, 0, 0]","[0, 0, 0, 0, 0, 0]","[0, 0, 0, 0, 0, 0]","[0, 0, 0, 0, 0, 0]","[0, 0, 0, 0, 0, 0]","[0, 0, 0, 0, 0, 0]","[0, 1, 7.363636363636363, 1.7532467532467533, 1.7916666666666667, 2.3333333333333335]","[0, 0, 5.75, 1.9444444444444444, 1.0714285714285714, 1.125]","[0, 0, 0, 0, 0, 0]","[0, 0, 7.9772727272727275, 2.25, 1.0, 2.444444444444444]","[1, 0, 7.081967213114755, 1.9426229508196722, 0.9583333333333334, 4.518518518518518]","[0, 0, 5.917808219178082, 1.6232876712328768, 1.5789473684210527, 5.7254901960784315]","[0, 0, 0.0, 0.8571428571428571, 5.0, 0.7777777777777778]","[0, 0, 10.125, 2.25, 1.5, 1.1428571428571428]","[0, 0, 0, 0, 0, 0]","[0, 0, 5.047826086956522, 1.3565217391304347, 4.916666666666667, 5.111111111111112]","[0, 0, 4.054313099041534, 1.2076677316293931, 3.1666666666666665, 6.137254901960784]","[0, 0, 3.6, 1.4, 1.0, 0.7142857142857143]","[0, 0, 5.684210526315789, 1.6917293233082706, 2.7857142857142856, 1.5833333333333335]","[0, 0, 0, 0, 0, 0]","[0, 0, 4.213872832369942, 1.4219653179190752, 2.238095238095238, 2.4027777777777777]","[0, 0, 4.695652173913043, 1.565217391304348, 3.0, 1.3529411764705883]","[0, 0, 0, 0, 0, 0]","[0, 0, 0, 0, 0, 0]","[0, 0, 5.641791044776119, 2.0149253731343286, 0.7272727272727273, 1.861111111111111]","[0, 0, 6.662337662337662, 1.3246753246753247, 3.5, 1.1666666666666667]"
92,2017-07-23,20170723LGSS0,"[0, 0, 4.378378378378379, 1.9459459459459458, 1.0, 1.0724637681159421]","[0, 0, 6.517241379310345, 1.5517241379310345, 5.0, 1.380952380952381]","[1, 0, 9.679245283018867, 1.7830188679245282, 1.0526315789473684, 1.7666666666666668]","[0, 1, 4.5608108108108105, 1.277027027027027, 2.2857142857142856, 1.1746031746031746]","[0, 0, 5.1923076923076925, 1.2692307692307694, 0.75, 1.0833333333333333]","[0, 0, 0.0, 2.0, 1, 1.0]","[0, 0, 0, 0, 0, 0]","[0, 0, 0, 0, 0, 0]","[0, 0, 0, 0, 0, 0]","[0, 0, 0, 0, 0, 0]","[0, 0, 0, 0, 0, 0]","[0, 0, 0, 0, 0, 0]","[0, 0, 7.363636363636363, 1.7532467532467533, 1.7916666666666667, 2.3333333333333335]","[0, 0, 5.75, 1.9444444444444444, 1.0714285714285714, 1.125]","[0, 0, 0, 0, 0, 0]","[0, 0, 7.9772727272727275, 2.25, 1.0, 2.444444444444444]","[0, 0, 7.081967213114755, 1.9426229508196722, 0.9583333333333334, 4.518518518518518]","[0, 0, 5.917808219178082, 1.6232876712328768, 1.5789473684210527, 5.7254901960784315]","[0, 0, 0.0, 0.8571428571428571, 5.0, 0.7777777777777778]","[0, 0, 10.125, 2.25, 1.5, 1.1428571428571428]","[0, 0, 0, 0, 0, 0]","[0, 1, 4.959183673469388, 1.346938775510204, 4.846153846153846, 5.104166666666667]","[0, 0, 4.054313099041534, 1.2076677316293931, 3.1666666666666665, 6.137254901960784]","[0, 0, 3.6, 1.4, 1.0, 0.7142857142857143]","[0, 1, 5.843283582089552, 1.7238805970149256, 2.6, 1.5402298850574712]","[0, 0, 0, 0, 0, 0]","[0, 0, 4.213872832369942, 1.4219653179190752, 2.238095238095238, 2.4027777777777777]","[0, 1, 4.595744680851063, 1.5319148936170213, 3.0625, 1.3428571428571427]","[0, 0, 0, 0, 0, 0]","[0, 0, 0, 0, 0, 0]","[0, 0, 5.641791044776119, 2.0149253731343286, 0.7272727272727273, 1.861111111111111]","[0, 0, 6.662337662337662, 1.3246753246753247, 3.5, 1.1666666666666667]"
93,2017-07-25,20170725NCSS0,"[0, 0, 4.378378378378379, 1.9459459459459458, 1.0, 1.0724637681159421]","[0, 0, 6.517241379310345, 1.5517241379310345, 5.0, 1.380952380952381]","[0, 0, 9.679245283018867, 1.7830188679245282, 1.0526315789473684, 1.7666666666666668]","[0, 1, 4.649006622516556, 1.2715231788079469, 2.3214285714285716, 1.1705426356589148]","[0, 0, 5.1923076923076925, 1.2692307692307694, 0.75, 1.0833333333333333]","[0, 0, 0.0, 2.0, 1, 1.0]","[0, 0, 0, 0, 0, 0]","[0, 0, 0, 0, 0, 0]","[0, 0, 0, 0, 0, 0]","[0, 0, 0, 0, 0, 0]","[0, 0, 0, 0, 0, 0]","[0, 0, 0, 0, 0, 0]","[0, 0, 7.363636363636363, 1.7532467532467533, 1.7916666666666667, 2.3333333333333335]","[0, 0, 5.75, 1.9444444444444444, 1.0714285714285714, 1.125]","[0, 0, 0, 0, 0, 0]","[0, 0, 7.9772727272727275, 2.25, 1.0, 2.444444444444444]","[0, 0, 7.081967213114755, 1.9426229508196722, 0.9583333333333334, 4.518518518518518]","[0, 0, 5.917808219178082, 1.6232876712328768, 1.5789473684210527, 5.7254901960784315]","[0, 0, 0.0, 0.8571428571428571, 5.0, 0.7777777777777778]","[0, 0, 10.125, 2.25, 1.5, 1.1428571428571428]","[0, 0, 0, 0, 0, 0]","[0, 0, 4.959183673469388, 1.346938775510204, 4.846153846153846, 5.104166666666667]","[0, 0, 4.054313099041534, 1.2076677316293931, 3.1666666666666665, 6.137254901960784]","[0, 0, 3.6, 1.4, 1.0, 0.7142857142857143]","[0, 1, 5.633093525179857, 1.683453237410072, 2.6, 1.5444444444444445]","[0, 0, 0, 0, 0, 0]","[1, 0, 4.099476439790576, 1.3979057591623036, 2.391304347826087, 2.5466666666666664]","[0, 1, 4.5, 1.5, 3.1875, 1.3333333333333333]","[0, 0, 0, 0, 0, 0]","[0, 0, 0, 0, 0, 0]","[0, 0, 5.641791044776119, 2.0149253731343286, 0.7272727272727273, 1.861111111111111]","[0, 0, 6.662337662337662, 1.3246753246753247, 3.5, 1.1666666666666667]"
94,2017-07-26,20170726NCSS0,"[0, 0, 4.378378378378379, 1.9459459459459458, 1.0, 1.0724637681159421]","[0, 0, 6.517241379310345, 1.5517241379310345, 5.0, 1.380952380952381]","[0, 0, 9.679245283018867, 1.7830188679245282, 1.0526315789473684, 1.7666666666666668]","[0, 1, 4.618421052631579, 1.2828947368421053, 2.3214285714285716, 1.1515151515151514]","[0, 0, 5.1923076923076925, 1.2692307692307694, 0.75, 1.0833333333333333]","[0, 0, 0.0, 2.0, 1, 1.0]","[0, 0, 0, 0, 0, 0]","[0, 0, 0, 0, 0, 0]","[0, 0, 0, 0, 0, 0]","[0, 0, 0, 0, 0, 0]","[0, 0, 0, 0, 0, 0]","[0, 0, 0, 0, 0, 0]","[0, 1, 7.598802395209581, 1.7604790419161678, 1.7407407407407407, 2.420289855072464]","[0, 0, 5.75, 1.9444444444444444, 1.0714285714285714, 1.125]","[0, 0, 0, 0, 0, 0]","[0, 0, 7.9772727272727275, 2.25, 1.0, 2.444444444444444]","[0, 0, 7.081967213114755, 1.9426229508196722, 0.9583333333333334, 4.518518518518518]","[0, 0, 5.917808219178082, 1.6232876712328768, 1.5789473684210527, 5.7254901960784315]","[0, 0, 0.0, 0.8571428571428571, 5.0, 0.7777777777777778]","[0, 0, 10.125, 2.25, 1.5, 1.1428571428571428]","[0, 0, 0, 0, 0, 0]","[0, 0, 4.959183673469388, 1.346938775510204, 4.846153846153846, 5.104166666666667]","[1, 0, 4.078549848942598, 1.2145015105740182, 3.28, 6.12962962962963]","[0, 0, 3.6, 1.4, 1.0, 0.7142857142857143]","[0, 0, 5.633093525179857, 1.683453237410072, 2.6, 1.5444444444444445]","[0, 0, 0, 0, 0, 0]","[0, 0, 4.099476439790576, 1.3979057591623036, 2.391304347826087, 2.5466666666666664]","[0, 0, 4.5, 1.5, 3.1875, 1.3333333333333333]","[0, 0, 0, 0, 0, 0]","[0, 0, 0, 0, 0, 0]","[0, 0, 5.641791044776119, 2.0149253731343286, 0.7272727272727273, 1.861111111111111]","[0, 0, 6.662337662337662, 1.3246753246753247, 3.5, 1.1666666666666667]"
95,2017-07-27,20170727NCSS0,"[0, 0, 4.378378378378379, 1.9459459459459458, 1.0, 1.0724637681159421]","[0, 0, 6.517241379310345, 1.5517241379310345, 5.0, 1.380952380952381]","[0, 0, 9.679245283018867, 1.7830188679245282, 1.0526315789473684, 1.7666666666666668]","[0, 0, 4.618421052631579, 1.2828947368421053, 2.3214285714285716, 1.1515151515151514]","[0, 0, 5.1923076923076925, 1.2692307692307694, 0.75, 1.0833333333333333]","[0, 0, 0.0, 2.0, 1, 1.0]","[0, 0, 0, 0, 0, 0]","[0, 0, 0, 0, 0, 0]","[0, 0, 0, 0, 0, 0]","[0, 0, 0, 0, 0, 0]","[0, 0, 0, 0, 0, 0]","[0, 0, 0, 0, 0, 0]","[0, 0, 7.598802395209581, 1.7604790419161678, 1.7407407407407407, 2.420289855072464]","[0, 0, 5.75, 1.9444444444444444, 1.0714285714285714, 1.125]","[0, 1, 0, 0, 0, 0]","[0, 0, 7.9772727272727275, 2.25, 1.0, 2.444444444444444]","[1, 0, 6.319148936170213, 1.8936170212765957, 1.0384615384615385, 4.7]","[0, 0, 5.917808219178082, 1.6232876712328768, 1.5789473684210527, 5.7254901960784315]","[0, 0, 0.0, 0.8571428571428571, 5.0, 0.7777777777777778]","[0, 0, 10.125, 2.25, 1.5, 1.1428571428571428]","[0, 0, 0, 0, 0, 0]","[0, 0, 4.959183673469388, 1.346938775510204, 4.846153846153846, 5.104166666666667]","[0, 0, 4.078549848942598, 1.2145015105740182, 3.28, 6.12962962962963]","[0, 0, 3.6, 1.4, 1.0, 0.7142857142857143]","[0, 0, 5.633093525179857, 1.683453237410072, 2.6, 1.5444444444444445]","[0, 0, 0, 0, 0, 0]","[0, 0, 4.099476439790576, 1.3979057591623036, 2.391304347826087, 2.5466666666666664]","[0, 0, 4.5, 1.5, 3.1875, 1.3333333333333333]","[0, 0, 0, 0, 0, 0]","[0, 0, 0, 0, 0, 0]","[0, 1, 5.4, 1.9714285714285715, 0.6666666666666666, 1.7948717948717947]","[0, 1, 6.035294117647059, 1.2352941176470589, 3.4285714285714284, 1.2318840579710144]"
96,2017-07-28,20170728SSWO0,"[0, 0, 4.378378378378379, 1.9459459459459458, 1.0, 1.0724637681159421]","[0, 0, 6.517241379310345, 1.5517241379310345, 5.0, 1.380952380952381]","[0, 1, 9.391304347826086, 1.7999999999999998, 1.0, 1.8253968253968256]","[0, 0, 4.618421052631579, 1.2828947368421053, 2.3214285714285716, 1.1515151515151514]","[0, 0, 5.1923076923076925, 1.2692307692307694, 0.75, 1.0833333333333333]","[0, 0, 0.0, 2.0, 1, 1.0]","[1, 0, 7.363636363636363, 2.181818181818182, 0.25, 3.6666666666666665]","[0, 0, 0, 0, 0, 0]","[0, 0, 0, 0, 0, 0]","[0, 0, 0, 0, 0, 0]","[0, 0, 0, 0, 0, 0]","[0, 0, 0, 0, 0, 0]","[0, 0, 7.598802395209581, 1.7604790419161678, 1.7407407407407407, 2.420289855072464]","[0, 1, 6.081081081081082, 1.945945945945946, 1.1428571428571428, 1.121212121212121]","[0, 0, 0, 0, 0, 0]","[0, 0, 7.9772727272727275, 2.25, 1.0, 2.444444444444444]","[0, 0, 6.319148936170213, 1.8936170212765957, 1.0384615384615385, 4.7]","[0, 0, 5.917808219178082, 1.6232876712328768, 1.5789473684210527, 5.7254901960784315]","[0, 0, 0.0, 0.8571428571428571, 5.0, 0.7777777777777778]","[0, 0, 10.125, 2.25, 1.5, 1.1428571428571428]","[0, 0, 0, 0, 0, 0]","[0, 0, 4.959183673469388, 1.346938775510204, 4.846153846153846, 5.104166666666667]","[0, 0, 4.078549848942598, 1.2145015105740182, 3.28, 6.12962962962963]","[0, 0, 3.6, 1.4, 1.0, 0.7142857142857143]","[0, 0, 5.633093525179857, 1.683453237410072, 2.6, 1.5444444444444445]","[0, 0, 0, 0, 0, 0]","[0, 0, 4.099476439790576, 1.3979057591623036, 2.391304347826087, 2.5466666666666664]","[0, 0, 4.5, 1.5, 3.1875, 1.3333333333333333]","[0, 0, 0, 0, 0, 0]","[0, 0, 0, 0, 0, 0]","[0, 0, 5.4, 1.9714285714285715, 0.6666666666666666, 1.7948717948717947]","[0, 0, 6.035294117647059, 1.2352941176470589, 3.4285714285714284, 1.2318840579710144]"
97,2017-07-29,20170729SSWO0,"[0, 0, 4.378378378378379, 1.9459459459459458, 1.0, 1.0724637681159421]","[0, 0, 6.517241379310345, 1.5517241379310345, 5.0, 1.380952380952381]","[0, 0, 9.391304347826086, 1.7999999999999998, 1.0, 1.8253968253968256]","[0, 0, 4.618421052631579, 1.2828947368421053, 2.3214285714285716, 1.1515151515151514]","[0, 0, 5.1923076923076925, 1.2692307692307694, 0.75, 1.0833333333333333]","[0, 0, 0.0, 2.0, 1, 1.0]","[0, 0, 7.363636363636363, 2.181818181818182, 0.25, 3.6666666666666665]","[0, 0, 0, 0, 0, 0]","[0, 0, 0, 0, 0, 0]","[0, 0, 0, 0, 0, 0]","[0, 0, 0, 0, 0, 0]","[0, 0, 0, 0, 0, 0]","[0, 0, 7.598802395209581, 1.7604790419161678, 1.7407407407407407, 2.420289855072464]","[0, 1, 5.921052631578947, 1.9210526315789473, 1.1428571428571428, 1.1176470588235294]","[0, 1, 13.5, 2.5, 1.0, 2.0]","[0, 0, 7.9772727272727275, 2.25, 1.0, 2.444444444444444]","[0, 0, 6.319148936170213, 1.8936170212765957, 1.0384615384615385, 4.7]","[0, 0, 5.917808219178082, 1.6232876712328768, 1.5789473684210527, 5.7254901960784315]","[0, 0, 0.0, 0.8571428571428571, 5.0, 0.7777777777777778]","[0, 0, 10.125, 2.25, 1.5, 1.1428571428571428]","[0, 0, 0, 0, 0, 0]","[1, 0, 4.821428571428571, 1.3214285714285714, 5.076923076923077, 4.9411764705882355]","[0, 0, 4.078549848942598, 1.2145015105740182, 3.28, 6.12962962962963]","[0, 0, 3.6, 1.4, 1.0, 0.7142857142857143]","[0, 0, 5.633093525179857, 1.683453237410072, 2.6, 1.5444444444444445]","[0, 0, 0, 0, 0, 0]","[0, 0, 4.099476439790576, 1.3979057591623036, 2.391304347826087, 2.5466666666666664]","[0, 0, 4.5, 1.5, 3.1875, 1.3333333333333333]","[0, 0, 0, 0, 0, 0]","[0, 0, 0, 0, 0, 0]","[0, 1, 4.973684210526316, 1.8947368421052633, 0.7692307692307693, 1.8095238095238095]","[0, 0, 6.035294117647059, 1.2352941176470589, 3.4285714285714284, 1.2318840579710144]"
98,2017-07-30,20170730SSWO0,"[0, 0, 4.378378378378379, 1.9459459459459458, 1.0, 1.0724637681159421]","[0, 0, 6.517241379310345, 1.5517241379310345, 5.0, 1.380952380952381]","[0, 0, 9.391304347826086, 1.7999999999999998, 1.0, 1.8253968253968256]","[0, 0, 4.618421052631579, 1.2828947368421053, 2.3214285714285716, 1.1515151515151514]","[0, 0, 5.1923076923076925, 1.2692307692307694, 0.75, 1.0833333333333333]","[0, 0, 0.0, 2.0, 1, 1.0]","[0, 0, 7.363636363636363, 2.181818181818182, 0.25, 3.6666666666666665]","[0, 0, 0, 0, 0, 0]","[0, 0, 0, 0, 0, 0]","[0, 0, 0, 0, 0, 0]","[0, 0, 0, 0, 0, 0]","[0, 0, 0, 0, 0, 0]","[0, 1, 7.668639053254438, 1.7928994082840235, 1.6206896551724137, 2.3472222222222223]","[0, 0, 5.921052631578947, 1.9210526315789473, 1.1428571428571428, 1.1176470588235294]","[0, 0, 13.5, 2.5, 1.0, 2.0]","[0, 0, 7.9772727272727275, 2.25, 1.0, 2.444444444444444]","[0, 0, 6.319148936170213, 1.8936170212765957, 1.0384615384615385, 4.7]","[0, 0, 5.917808219178082, 1.6232876712328768, 1.5789473684210527, 5.7254901960784315]","[0, 0, 0.0, 0.8571428571428571, 5.0, 0.7777777777777778]","[0, 0, 10.125, 2.25, 1.5, 1.1428571428571428]","[0, 0, 0, 0, 0, 0]","[0, 0, 4.821428571428571, 1.3214285714285714, 5.076923076923077, 4.9411764705882355]","[0, 0, 4.078549848942598, 1.2145015105740182, 3.28, 6.12962962962963]","[0, 0, 3.6, 1.4, 1.0, 0.7142857142857143]","[0, 1, 5.592857142857143, 1.6928571428571428, 2.6, 1.5053763440860215]","[0, 0, 0, 0, 0, 0]","[1, 0, 3.820754716981132, 1.3301886792452828, 2.625, 2.717948717948718]","[0, 1, 4.378378378378379, 1.4797297297297296, 3.1176470588235294, 1.3333333333333335]","[0, 0, 0, 0, 0, 0]","[0, 0, 0, 0, 0, 0]","[0, 0, 4.973684210526316, 1.8947368421052633, 0.7692307692307693, 1.8095238095238095]","[0, 1, 5.457446808510638, 1.148936170212766, 4.0, 1.3055555555555556]"
99,2017-08-01,20170801OBSS0,"[0, 0, 4.378378378378379, 1.9459459459459458, 1.0, 1.0724637681159421]","[0, 0, 6.517241379310345, 1.5517241379310345, 5.0, 1.380952380952381]","[0, 0, 9.391304347826086, 1.7999999999999998, 1.0, 1.8253968253968256]","[0, 0, 4.618421052631579, 1.2828947368421053, 2.3214285714285716, 1.1515151515151514]","[0, 0, 5.1923076923076925, 1.2692307692307694, 0.75, 1.0833333333333333]","[0, 0, 0.0, 2.0, 1, 1.0]","[0, 0, 7.363636363636363, 2.181818181818182, 0.25, 3.6666666666666665]","[0, 0, 0, 0, 0, 0]","[0, 0, 0, 0, 0, 0]","[0, 0, 0, 0, 0, 0]","[0, 0, 0, 0, 0, 0]","[0, 0, 0, 0, 0, 0]","[0, 0, 7.668639053254438, 1.7928994082840235, 1.6206896551724137, 2.3472222222222223]","[0, 0, 5.921052631578947, 1.9210526315789473, 1.1428571428571428, 1.1176470588235294]","[0, 1, 16.2, 3.0, 0.5, 1.6666666666666667]","[0, 0, 7.9772727272727275, 2.25, 1.0, 2.444444444444444]","[0, 0, 6.319148936170213, 1.8936170212765957, 1.0384615384615385, 4.7]","[0, 0, 5.917808219178082, 1.6232876712328768, 1.5789473684210527, 5.7254901960784315]","[0, 0, 0.0, 0.8571428571428571, 5.0, 0.7777777777777778]","[0, 0, 10.125, 2.25, 1.5, 1.1428571428571428]","[0, 0, 0, 0, 0, 0]","[0, 0, 4.821428571428571, 1.3214285714285714, 5.076923076923077, 4.9411764705882355]","[1, 0, 3.835227272727273, 1.1931818181818181, 3.3846153846153846, 6.175438596491228]","[0, 0, 3.6, 1.4, 1.0, 0.7142857142857143]","[0, 0, 5.592857142857143, 1.6928571428571428, 2.6, 1.5053763440860215]","[0, 0, 0, 0, 0, 0]","[0, 0, 3.820754716981132, 1.3301886792452828, 2.625, 2.717948717948718]","[0, 0, 4.378378378378379, 1.4797297297297296, 3.1176470588235294, 1.3333333333333335]","[0, 0, 0, 0, 0, 0]","[0, 0, 0, 0, 0, 0]","[0, 1, 6.9230769230769225, 2.0384615384615383, 0.6875, 1.7333333333333334]","[0, 1, 5.288659793814433, 1.1443298969072164, 4.142857142857143, 1.2933333333333334]"
100,2017-08-02,20170802OBSS0,"[0, 0, 4.378378378378379, 1.9459459459459458, 1.0, 1.0724637681159421]","[0, 0, 6.517241379310345, 1.5517241379310345, 5.0, 1.380952380952381]","[0, 0, 9.391304347826086, 1.7999999999999998, 1.0, 1.8253968253968256]","[0, 1, 4.5, 1.2692307692307692, 2.310344827586207, 1.1555555555555554]","[0, 0, 5.1923076923076925, 1.2692307692307694, 0.75, 1.0833333333333333]","[0, 0, 0.0, 2.0, 1, 1.0]","[0, 0, 7.363636363636363, 2.181818181818182, 0.25, 3.6666666666666665]","[0, 0, 0, 0, 0, 0]","[0, 0, 0, 0, 0, 0]","[0, 0, 0, 0, 0, 0]","[0, 0, 0, 0, 0, 0]","[0, 0, 0, 0, 0, 0]","[0, 1, 8.224137931034484, 1.8448275862068966, 1.6333333333333333, 2.32]","[0, 1, 5.769230769230769, 1.8717948717948718, 1.1785714285714286, 1.1142857142857143]","[0, 0, 16.2, 3.0, 0.5, 1.6666666666666667]","[0, 0, 7.9772727272727275, 2.25, 1.0, 2.444444444444444]","[0, 0, 6.319148936170213, 1.8936170212765957, 1.0384615384615385, 4.7]","[0, 0, 5.917808219178082, 1.6232876712328768, 1.5789473684210527, 5.7254901960784315]","[0, 0, 0.0, 0.8571428571428571, 5.0, 0.7777777777777778]","[0, 0, 10.125, 2.25, 1.5, 1.1428571428571428]","[0, 0, 0, 0, 0, 0]","[0, 0, 4.821428571428571, 1.3214285714285714, 5.076923076923077, 4.9411764705882355]","[0, 0, 3.835227272727273, 1.1931818181818181, 3.3846153846153846, 6.175438596491228]","[0, 0, 3.6, 1.4, 1.0, 0.7142857142857143]","[0, 1, 5.475524475524475, 1.6993006993006994, 2.6666666666666665, 1.4895833333333333]","[0, 0, 0, 0, 0, 0]","[0, 0, 3.820754716981132, 1.3301886792452828, 2.625, 2.717948717948718]","[0, 0, 4.378378378378379, 1.4797297297297296, 3.1176470588235294, 1.3333333333333335]","[1, 0, 63.00000000000001, 8.0, 0.5, 1.0]","[0, 0, 0, 0, 0, 0]","[0, 0, 6.9230769230769225, 2.0384615384615383, 0.6875, 1.7333333333333334]","[0, 0, 5.288659793814433, 1.1443298969072164, 4.142857142857143, 1.2933333333333334]"
101,2017-08-03,20170803OBSS0,"[0, 0, 4.378378378378379, 1.9459459459459458, 1.0, 1.0724637681159421]","[0, 0, 6.517241379310345, 1.5517241379310345, 5.0, 1.380952380952381]","[0, 1, 8.92741935483871, 1.7903225806451613, 1.1428571428571428, 1.878787878787879]","[0, 0, 4.5, 1.2692307692307692, 2.310344827586207, 1.1555555555555554]","[0, 0, 5.1923076923076925, 1.2692307692307694, 0.75, 1.0833333333333333]","[0, 0, 0.0, 2.0, 1, 1.0]","[1, 0, 4.153846153846154, 1.6153846153846154, 0.8333333333333334, 4.333333333333333]","[0, 0, 0, 0, 0, 0]","[0, 0, 0, 0, 0, 0]","[0, 0, 0, 0, 0, 0]","[0, 0, 0, 0, 0, 0]","[0, 0, 0, 0, 0, 0]","[0, 0, 8.224137931034484, 1.8448275862068966, 1.6333333333333333, 2.32]","[0, 1, 5.9491525423728815, 1.906779661016949, 1.1379310344827587, 1.0925925925925926]","[0, 0, 16.2, 3.0, 0.5, 1.6666666666666667]","[0, 0, 7.9772727272727275, 2.25, 1.0, 2.444444444444444]","[0, 0, 6.319148936170213, 1.8936170212765957, 1.0384615384615385, 4.7]","[0, 0, 5.917808219178082, 1.6232876712328768, 1.5789473684210527, 5.7254901960784315]","[0, 0, 0.0, 0.8571428571428571, 5.0, 0.7777777777777778]","[0, 0, 10.125, 2.25, 1.5, 1.1428571428571428]","[0, 0, 0, 0, 0, 0]","[0, 0, 4.821428571428571, 1.3214285714285714, 5.076923076923077, 4.9411764705882355]","[0, 0, 3.835227272727273, 1.1931818181818181, 3.3846153846153846, 6.175438596491228]","[0, 0, 3.6, 1.4, 1.0, 0.7142857142857143]","[0, 0, 5.475524475524475, 1.6993006993006994, 2.6666666666666665, 1.4895833333333333]","[0, 0, 0, 0, 0, 0]","[0, 0, 3.820754716981132, 1.3301886792452828, 2.625, 2.717948717948718]","[0, 0, 4.378378378378379, 1.4797297297297296, 3.1176470588235294, 1.3333333333333335]","[0, 0, 63.00000000000001, 8.0, 0.5, 1.0]","[0, 0, 0, 0, 0, 0]","[0, 1, 6.27906976744186, 1.9883720930232558, 0.6111111111111112, 1.7916666666666667]","[0, 0, 5.288659793814433, 1.1443298969072164, 4.142857142857143, 1.2933333333333334]"
102,2017-08-04,20170804SSNC0,"[0, 0, 4.378378378378379, 1.9459459459459458, 1.0, 1.0724637681159421]","[0, 0, 6.517241379310345, 1.5517241379310345, 5.0, 1.380952380952381]","[0, 0, 8.92741935483871, 1.7903225806451613, 1.1428571428571428, 1.878787878787879]","[0, 1, 4.55625, 1.275, 2.4482758620689653, 1.1594202898550725]","[0, 0, 5.1923076923076925, 1.2692307692307694, 0.75, 1.0833333333333333]","[0, 0, 0.0, 2.0, 1, 1.0]","[0, 0, 4.153846153846154, 1.6153846153846154, 0.8333333333333334, 4.333333333333333]","[0, 0, 0, 0, 0, 0]","[0, 0, 0, 0, 0, 0]","[0, 0, 0, 0, 0, 0]","[0, 0, 0, 0, 0, 0]","[0, 0, 0, 0, 0, 0]","[0, 0, 8.224137931034484, 1.8448275862068966, 1.6333333333333333, 2.32]","[0, 0, 5.9491525423728815, 1.906779661016949, 1.1379310344827587, 1.0925925925925926]","[0, 0, 16.2, 3.0, 0.5, 1.6666666666666667]","[0, 0, 7.9772727272727275, 2.25, 1.0, 2.444444444444444]","[0, 0, 6.319148936170213, 1.8936170212765957, 1.0384615384615385, 4.7]","[0, 0, 5.917808219178082, 1.6232876712328768, 1.5789473684210527, 5.7254901960784315]","[0, 0, 0.0, 0.8571428571428571, 5.0, 0.7777777777777778]","[0, 0, 10.125, 2.25, 1.5, 1.1428571428571428]","[0, 0, 0, 0, 0, 0]","[1, 0, 5.056179775280899, 1.3707865168539326, 4.733333333333333, 4.944444444444445]","[0, 0, 3.835227272727273, 1.1931818181818181, 3.3846153846153846, 6.175438596491228]","[0, 0, 3.6, 1.4, 1.0, 0.7142857142857143]","[0, 0, 5.475524475524475, 1.6993006993006994, 2.6666666666666665, 1.4895833333333333]","[0, 0, 0, 0, 0, 0]","[0, 0, 3.820754716981132, 1.3301886792452828, 2.625, 2.717948717948718]","[0, 1, 4.32, 1.5, 3.0555555555555554, 1.3157894736842106]","[0, 0, 63.00000000000001, 8.0, 0.5, 1.0]","[0, 0, 0, 0, 0, 0]","[0, 0, 6.27906976744186, 1.9883720930232558, 0.6111111111111112, 1.7916666666666667]","[0, 0, 5.288659793814433, 1.1443298969072164, 4.142857142857143, 1.2933333333333334]"
103,2017-08-05,20170805SSNC0,"[0, 0, 4.378378378378379, 1.9459459459459458, 1.0, 1.0724637681159421]","[0, 0, 6.517241379310345, 1.5517241379310345, 5.0, 1.380952380952381]","[0, 0, 8.92741935483871, 1.7903225806451613, 1.1428571428571428, 1.878787878787879]","[0, 1, 4.833333333333333, 1.2962962962962963, 2.4827586206896552, 1.148936170212766]","[0, 0, 5.1923076923076925, 1.2692307692307694, 0.75, 1.0833333333333333]","[0, 0, 0.0, 2.0, 1, 1.0]","[0, 0, 4.153846153846154, 1.6153846153846154, 0.8333333333333334, 4.333333333333333]","[0, 0, 0, 0, 0, 0]","[0, 0, 0, 0, 0, 0]","[0, 0, 0, 0, 0, 0]","[0, 0, 0, 0, 0, 0]","[0, 0, 0, 0, 0, 0]","[0, 1, 8.039325842696629, 1.8202247191011236, 1.6666666666666667, 2.282051282051282]","[0, 0, 5.9491525423728815, 1.906779661016949, 1.1379310344827587, 1.0925925925925926]","[0, 0, 16.2, 3.0, 0.5, 1.6666666666666667]","[0, 0, 7.9772727272727275, 2.25, 1.0, 2.444444444444444]","[0, 0, 6.319148936170213, 1.8936170212765957, 1.0384615384615385, 4.7]","[0, 0, 5.917808219178082, 1.6232876712328768, 1.5789473684210527, 5.7254901960784315]","[0, 0, 0.0, 0.8571428571428571, 5.0, 0.7777777777777778]","[0, 0, 10.125, 2.25, 1.5, 1.1428571428571428]","[0, 0, 0, 0, 0, 0]","[0, 0, 5.056179775280899, 1.3707865168539326, 4.733333333333333, 4.944444444444445]","[0, 0, 3.835227272727273, 1.1931818181818181, 3.3846153846153846, 6.175438596491228]","[0, 0, 3.6, 1.4, 1.0, 0.7142857142857143]","[0, 1, 5.547945205479452, 1.6849315068493151, 2.7333333333333334, 1.4747474747474747]","[0, 0, 0, 0, 0, 0]","[1, 0, 4.116591928251121, 1.399103139013453, 2.68, 2.753086419753086]","[0, 0, 4.32, 1.5, 3.0555555555555554, 1.3157894736842106]","[0, 0, 63.00000000000001, 8.0, 0.5, 1.0]","[0, 0, 0, 0, 0, 0]","[0, 0, 6.27906976744186, 1.9883720930232558, 0.6111111111111112, 1.7916666666666667]","[0, 0, 5.288659793814433, 1.1443298969072164, 4.142857142857143, 1.2933333333333334]"
104,2017-08-06,20170806SSNC0,"[0, 0, 4.378378378378379, 1.9459459459459458, 1.0, 1.0724637681159421]","[0, 0, 6.517241379310345, 1.5517241379310345, 5.0, 1.380952380952381]","[0, 0, 8.92741935483871, 1.7903225806451613, 1.1428571428571428, 1.878787878787879]","[0, 0, 4.833333333333333, 1.2962962962962963, 2.4827586206896552, 1.148936170212766]","[0, 1, 4.655172413793104, 1.3448275862068966, 0.75, 1.074074074074074]","[0, 0, 0.0, 2.0, 1, 1.0]","[0, 0, 4.153846153846154, 1.6153846153846154, 0.8333333333333334, 4.333333333333333]","[0, 0, 0, 0, 0, 0]","[0, 0, 0, 0, 0, 0]","[0, 0, 0, 0, 0, 0]","[0, 0, 0, 0, 0, 0]","[0, 0, 0, 0, 0, 0]","[0, 0, 8.039325842696629, 1.8202247191011236, 1.6666666666666667, 2.282051282051282]","[0, 0, 5.9491525423728815, 1.906779661016949, 1.1379310344827587, 1.0925925925925926]","[0, 0, 16.2, 3.0, 0.5, 1.6666666666666667]","[0, 0, 7.9772727272727275, 2.25, 1.0, 2.444444444444444]","[0, 0, 6.319148936170213, 1.8936170212765957, 1.0384615384615385, 4.7]","[0, 0, 5.917808219178082, 1.6232876712328768, 1.5789473684210527, 5.7254901960784315]","[0, 0, 0.0, 0.8571428571428571, 5.0, 0.7777777777777778]","[0, 0, 10.125, 2.25, 1.5, 1.1428571428571428]","[0, 0, 0, 0, 0, 0]","[0, 0, 5.056179775280899, 1.3707865168539326, 4.733333333333333, 4.944444444444445]","[1, 0, 4.079670329670329, 1.2445054945054945, 3.5384615384615383, 6.066666666666666]","[0, 0, 3.6, 1.4, 1.0, 0.7142857142857143]","[0, 0, 5.547945205479452, 1.6849315068493151, 2.7333333333333334, 1.4747474747474747]","[0, 0, 0, 0, 0, 0]","[0, 0, 4.116591928251121, 1.399103139013453, 2.68, 2.753086419753086]","[0, 0, 4.32, 1.5, 3.0555555555555554, 1.3157894736842106]","[0, 0, 63.00000000000001, 8.0, 0.5, 1.0]","[0, 0, 0, 0, 0, 0]","[0, 0, 6.27906976744186, 1.9883720930232558, 0.6111111111111112, 1.7916666666666667]","[0, 1, 6.4799999999999995, 1.26, 3.75, 1.2820512820512822]"
105,2017-08-08,20170808LGSS0,"[0, 0, 4.378378378378379, 1.9459459459459458, 1.0, 1.0724637681159421]","[0, 0, 6.517241379310345, 1.5517241379310345, 5.0, 1.380952380952381]","[0, 0, 8.92741935483871, 1.7903225806451613, 1.1428571428571428, 1.878787878787879]","[0, 0, 4.833333333333333, 1.2962962962962963, 2.4827586206896552, 1.148936170212766]","[0, 1, 4.354838709677419, 1.3548387096774193, 0.75, 1.0333333333333334]","[0, 0, 0.0, 2.0, 1, 1.0]","[0, 1, 8.379310344827587, 2.1724137931034484, 0.7777777777777778, 3.222222222222222]","[0, 0, 0, 0, 0, 0]","[0, 0, 0, 0, 0, 0]","[0, 0, 0, 0, 0, 0]","[0, 0, 0, 0, 0, 0]","[0, 0, 0, 0, 0, 0]","[0, 1, 7.7771739130434785, 1.7934782608695652, 1.7096774193548387, 2.271604938271605]","[0, 1, 5.975409836065574, 1.918032786885246, 1.1333333333333333, 1.099099099099099]","[0, 0, 16.2, 3.0, 0.5, 1.6666666666666667]","[0, 0, 7.9772727272727275, 2.25, 1.0, 2.444444444444444]","[0, 0, 6.319148936170213, 1.8936170212765957, 1.0384615384615385, 4.7]","[0, 0, 5.917808219178082, 1.6232876712328768, 1.5789473684210527, 5.7254901960784315]","[0, 0, 0.0, 0.8571428571428571, 5.0, 0.7777777777777778]","[0, 0, 10.125, 2.25, 1.5, 1.1428571428571428]","[0, 0, 0, 0, 0, 0]","[0, 0, 5.056179775280899, 1.3707865168539326, 4.733333333333333, 4.944444444444445]","[0, 0, 4.079670329670329, 1.2445054945054945, 3.5384615384615383, 6.066666666666666]","[0, 0, 3.6, 1.4, 1.0, 0.7142857142857143]","[0, 1, 5.4362416107382545, 1.651006711409396, 2.8666666666666667, 1.4607843137254901]","[0, 0, 0, 0, 0, 0]","[0, 0, 4.116591928251121, 1.399103139013453, 2.68, 2.753086419753086]","[0, 0, 4.32, 1.5, 3.0555555555555554, 1.3157894736842106]","[1, 0, 12.0, 2.3333333333333335, 1.5, 3.0]","[0, 0, 0, 0, 0, 0]","[0, 0, 6.27906976744186, 1.9883720930232558, 0.6111111111111112, 1.7916666666666667]","[0, 1, 6.230769230769231, 1.2692307692307694, 4.125, 1.2839506172839505]"
106,2017-08-09,20170809LGSS0,"[0, 0, 4.378378378378379, 1.9459459459459458, 1.0, 1.0724637681159421]","[0, 0, 6.517241379310345, 1.5517241379310345, 5.0, 1.380952380952381]","[0, 0, 8.92741935483871, 1.7903225806451613, 1.1428571428571428, 1.878787878787879]","[0, 1, 4.745454545454545, 1.2727272727272727, 2.5172413793103448, 1.1458333333333333]","[0, 0, 4.354838709677419, 1.3548387096774193, 0.75, 1.0333333333333334]","[0, 0, 0.0, 2.0, 1, 1.0]","[0, 0, 8.379310344827587, 2.1724137931034484, 0.7777777777777778, 3.222222222222222]","[0, 0, 0, 0, 0, 0]","[0, 0, 0, 0, 0, 0]","[0, 0, 0, 0, 0, 0]","[0, 0, 0, 0, 0, 0]","[0, 0, 0, 0, 0, 0]","[0, 0, 7.7771739130434785, 1.7934782608695652, 1.7096774193548387, 2.271604938271605]","[0, 0, 5.975409836065574, 1.918032786885246, 1.1333333333333333, 1.099099099099099]","[0, 0, 16.2, 3.0, 0.5, 1.6666666666666667]","[0, 0, 7.9772727272727275, 2.25, 1.0, 2.444444444444444]","[0, 0, 6.319148936170213, 1.8936170212765957, 1.0384615384615385, 4.7]","[0, 0, 5.917808219178082, 1.6232876712328768, 1.5789473684210527, 5.7254901960784315]","[0, 0, 0.0, 0.8571428571428571, 5.0, 0.7777777777777778]","[0, 0, 10.125, 2.25, 1.5, 1.1428571428571428]","[0, 0, 0, 0, 0, 0]","[0, 0, 5.056179775280899, 1.3707865168539326, 4.733333333333333, 4.944444444444445]","[0, 0, 4.079670329670329, 1.2445054945054945, 3.5384615384615383, 6.066666666666666]","[0, 0, 3.6, 1.4, 1.0, 0.7142857142857143]","[0, 1, 5.4, 1.66, 2.8666666666666667, 1.4285714285714286]","[0, 0, 0, 0, 0, 0]","[0, 0, 4.116591928251121, 1.399103139013453, 2.68, 2.753086419753086]","[0, 1, 4.207792207792208, 1.4805194805194803, 2.9473684210526314, 1.3162393162393162]","[0, 0, 12.0, 2.3333333333333335, 1.5, 3.0]","[0, 0, 0, 0, 0, 0]","[1, 0, 5.74468085106383, 1.819148936170213, 0.7222222222222222, 1.8431372549019607]","[0, 1, 6.25, 1.2777777777777777, 3.7777777777777777, 1.2857142857142858]"
107,2017-08-11,20170811SSHH0,"[0, 0, 4.378378378378379, 1.9459459459459458, 1.0, 1.0724637681159421]","[0, 0, 6.517241379310345, 1.5517241379310345, 5.0, 1.380952380952381]","[0, 0, 8.92741935483871, 1.7903225806451613, 1.1428571428571428, 1.878787878787879]","[0, 0, 4.745454545454545, 1.2727272727272727, 2.5172413793103448, 1.1458333333333333]","[0, 0, 4.354838709677419, 1.3548387096774193, 0.75, 1.0333333333333334]","[0, 0, 0.0, 2.0, 1, 1.0]","[0, 1, 8.4375, 2.15625, 0.8, 2.6666666666666665]","[0, 0, 0, 0, 0, 0]","[0, 0, 0, 0, 0, 0]","[0, 0, 0, 0, 0, 0]","[0, 0, 0, 0, 0, 0]","[0, 0, 0, 0, 0, 0]","[0, 0, 7.7771739130434785, 1.7934782608695652, 1.7096774193548387, 2.271604938271605]","[0, 1, 5.926829268292683, 1.9268292682926829, 1.1666666666666667, 1.0789473684210527]","[0, 0, 16.2, 3.0, 0.5, 1.6666666666666667]","[0, 0, 7.9772727272727275, 2.25, 1.0, 2.444444444444444]","[0, 0, 6.319148936170213, 1.8936170212765957, 1.0384615384615385, 4.7]","[0, 0, 5.917808219178082, 1.6232876712328768, 1.5789473684210527, 5.7254901960784315]","[0, 0, 0.0, 0.8571428571428571, 5.0, 0.7777777777777778]","[0, 1, 10.8, 2.3, 1.0, 1.25]","[0, 0, 0, 0, 0, 0]","[1, 0, 4.78125, 1.3229166666666667, 5.0, 5.052631578947368]","[0, 0, 4.079670329670329, 1.2445054945054945, 3.5384615384615383, 6.066666666666666]","[0, 0, 3.6, 1.4, 1.0, 0.7142857142857143]","[0, 0, 5.4, 1.66, 2.8666666666666667, 1.4285714285714286]","[0, 0, 0, 0, 0, 0]","[0, 0, 4.116591928251121, 1.399103139013453, 2.68, 2.753086419753086]","[0, 0, 4.207792207792208, 1.4805194805194803, 2.9473684210526314, 1.3162393162393162]","[0, 0, 12.0, 2.3333333333333335, 1.5, 3.0]","[0, 0, 0, 0, 0, 0]","[0, 0, 5.74468085106383, 1.819148936170213, 0.7222222222222222, 1.8431372549019607]","[0, 0, 6.25, 1.2777777777777777, 3.7777777777777777, 1.2857142857142858]"
108,2017-08-12,20170812LTSS0,"[0, 0, 4.378378378378379, 1.9459459459459458, 1.0, 1.0724637681159421]","[0, 0, 6.517241379310345, 1.5517241379310345, 5.0, 1.380952380952381]","[0, 0, 8.92741935483871, 1.7903225806451613, 1.1428571428571428, 1.878787878787879]","[0, 0, 4.745454545454545, 1.2727272727272727, 2.5172413793103448, 1.1458333333333333]","[0, 0, 4.354838709677419, 1.3548387096774193, 0.75, 1.0333333333333334]","[0, 0, 0.0, 2.0, 1, 1.0]","[0, 0, 8.4375, 2.15625, 0.8, 2.6666666666666665]","[0, 0, 0, 0, 0, 0]","[0, 0, 0, 0, 0, 0]","[0, 0, 0, 0, 0, 0]","[0, 0, 0, 0, 0, 0]","[0, 0, 0, 0, 0, 0]","[0, 1, 7.857142857142857, 1.7777777777777777, 1.696969696969697, 2.25]","[0, 0, 5.926829268292683, 1.9268292682926829, 1.1666666666666667, 1.0789473684210527]","[0, 0, 16.2, 3.0, 0.5, 1.6666666666666667]","[0, 0, 7.9772727272727275, 2.25, 1.0, 2.444444444444444]","[0, 0, 6.319148936170213, 1.8936170212765957, 1.0384615384615385, 4.7]","[0, 0, 5.917808219178082, 1.6232876712328768, 1.5789473684210527, 5.7254901960784315]","[0, 0, 0.0, 0.8571428571428571, 5.0, 0.7777777777777778]","[0, 0, 10.8, 2.3, 1.0, 1.25]","[0, 0, 0, 0, 0, 0]","[0, 0, 4.78125, 1.3229166666666667, 5.0, 5.052631578947368]","[1, 0, 4.170157068062827, 1.2486910994764397, 3.4285714285714284, 6.063492063492063]","[0, 0, 3.6, 1.4, 1.0, 0.7142857142857143]","[0, 1, 5.294117647058823, 1.6470588235294117, 2.8666666666666667, 1.4166666666666667]","[0, 0, 0, 0, 0, 0]","[0, 0, 4.116591928251121, 1.399103139013453, 2.68, 2.753086419753086]","[0, 0, 4.207792207792208, 1.4805194805194803, 2.9473684210526314, 1.3162393162393162]","[0, 0, 12.0, 2.3333333333333335, 1.5, 3.0]","[0, 0, 0, 0, 0, 0]","[0, 0, 5.74468085106383, 1.819148936170213, 0.7222222222222222, 1.8431372549019607]","[0, 1, 6.026785714285714, 1.2857142857142856, 4.111111111111111, 1.2873563218390804]"
109,2017-08-13,20170813LTSS0,"[0, 0, 4.378378378378379, 1.9459459459459458, 1.0, 1.0724637681159421]","[0, 0, 6.517241379310345, 1.5517241379310345, 5.0, 1.380952380952381]","[0, 0, 8.92741935483871, 1.7903225806451613, 1.1428571428571428, 1.878787878787879]","[0, 1, 4.578947368421052, 1.2456140350877194, 2.689655172413793, 1.163265306122449]","[0, 0, 4.354838709677419, 1.3548387096774193, 0.75, 1.0333333333333334]","[1, 0, 11.571428571428571, 3.4285714285714284, 1, 1.1666666666666667]","[0, 0, 8.4375, 2.15625, 0.8, 2.6666666666666665]","[0, 0, 0, 0, 0, 0]","[0, 0, 0, 0, 0, 0]","[0, 0, 0, 0, 0, 0]","[0, 0, 0, 0, 0, 0]","[0, 0, 0, 0, 0, 0]","[0, 1, 7.734374999999999, 1.78125, 1.7058823529411764, 2.206896551724138]","[0, 1, 5.8604651162790695, 1.930232558139535, 1.15625, 1.1025641025641026]","[0, 0, 16.2, 3.0, 0.5, 1.6666666666666667]","[0, 0, 7.9772727272727275, 2.25, 1.0, 2.444444444444444]","[0, 0, 6.319148936170213, 1.8936170212765957, 1.0384615384615385, 4.7]","[0, 0, 5.917808219178082, 1.6232876712328768, 1.5789473684210527, 5.7254901960784315]","[0, 0, 0.0, 0.8571428571428571, 5.0, 0.7777777777777778]","[0, 1, 10.636363636363637, 2.3636363636363638, 0.8571428571428571, 1.2222222222222223]","[0, 0, 0, 0, 0, 0]","[0, 0, 4.78125, 1.3229166666666667, 5.0, 5.052631578947368]","[0, 0, 4.170157068062827, 1.2486910994764397, 3.4285714285714284, 6.063492063492063]","[0, 0, 3.6, 1.4, 1.0, 0.7142857142857143]","[0, 0, 5.294117647058823, 1.6470588235294117, 2.8666666666666667, 1.4166666666666667]","[0, 0, 0, 0, 0, 0]","[0, 0, 4.116591928251121, 1.399103139013453, 2.68, 2.753086419753086]","[0, 0, 4.207792207792208, 1.4805194805194803, 2.9473684210526314, 1.3162393162393162]","[0, 0, 12.0, 2.3333333333333335, 1.5, 3.0]","[0, 0, 0, 0, 0, 0]","[0, 0, 5.74468085106383, 1.819148936170213, 0.7222222222222222, 1.8431372549019607]","[0, 1, 5.9734513274336285, 1.2743362831858407, 4.222222222222222, 1.2555555555555555]"
110,2017-08-16,20170816WOSS0,"[0, 0, 4.378378378378379, 1.9459459459459458, 1.0, 1.0724637681159421]","[0, 0, 6.517241379310345, 1.5517241379310345, 5.0, 1.380952380952381]","[1, 0, 9.727941176470589, 1.8970588235294117, 1.1363636363636365, 1.9710144927536233]","[0, 0, 4.578947368421052, 1.2456140350877194, 2.689655172413793, 1.163265306122449]","[0, 0, 4.354838709677419, 1.3548387096774193, 0.75, 1.0333333333333334]","[0, 0, 11.571428571428571, 3.4285714285714284, 1, 1.1666666666666667]","[0, 0, 8.4375, 2.15625, 0.8, 2.6666666666666665]","[0, 0, 0, 0, 0, 0]","[0, 0, 0, 0, 0, 0]","[0, 0, 0, 0, 0, 0]","[0, 0, 0, 0, 0, 0]","[0, 0, 0, 0, 0, 0]","[0, 1, 7.694999999999999, 1.7699999999999998, 1.6857142857142857, 2.2222222222222223]","[0, 1, 5.815384615384616, 1.9153846153846152, 1.15625, 1.0833333333333335]","[0, 1, 13.5, 2.571428571428571, 1.0, 1.5555555555555556]","[0, 0, 7.9772727272727275, 2.25, 1.0, 2.444444444444444]","[0, 0, 6.319148936170213, 1.8936170212765957, 1.0384615384615385, 4.7]","[0, 0, 5.917808219178082, 1.6232876712328768, 1.5789473684210527, 5.7254901960784315]","[0, 0, 0.0, 0.8571428571428571, 5.0, 0.7777777777777778]","[0, 0, 10.636363636363637, 2.3636363636363638, 0.8571428571428571, 1.2222222222222223]","[0, 0, 0, 0, 0, 0]","[0, 0, 4.78125, 1.3229166666666667, 5.0, 5.052631578947368]","[0, 0, 4.170157068062827, 1.2486910994764397, 3.4285714285714284, 6.063492063492063]","[0, 0, 3.6, 1.4, 1.0, 0.7142857142857143]","[0, 0, 5.294117647058823, 1.6470588235294117, 2.8666666666666667, 1.4166666666666667]","[0, 0, 0, 0, 0, 0]","[0, 0, 4.116591928251121, 1.399103139013453, 2.68, 2.753086419753086]","[0, 1, 4.127388535031847, 1.4522292993630572, 3.0, 1.3083333333333333]","[0, 0, 12.0, 2.3333333333333335, 1.5, 3.0]","[0, 0, 0, 0, 0, 0]","[0, 1, 6.171428571428571, 1.9142857142857144, 0.7142857142857143, 1.9444444444444444]","[0, 1, 6.051724137931035, 1.3189655172413794, 3.9, 1.2473118279569892]"
111,2017-08-17,20170817SSKT0,"[0, 0, 4.378378378378379, 1.9459459459459458, 1.0, 1.0724637681159421]","[0, 0, 6.517241379310345, 1.5517241379310345, 5.0, 1.380952380952381]","[0, 0, 9.727941176470589, 1.8970588235294117, 1.1363636363636365, 1.9710144927536233]","[0, 1, 4.5, 1.2413793103448276, 2.6666666666666665, 1.16]","[0, 0, 4.354838709677419, 1.3548387096774193, 0.75, 1.0333333333333334]","[0, 0, 11.571428571428571, 3.4285714285714284, 1, 1.1666666666666667]","[0, 0, 8.4375, 2.15625, 0.8, 2.6666666666666665]","[0, 0, 0, 0, 0, 0]","[0, 0, 0, 0, 0, 0]","[0, 0, 0, 0, 0, 0]","[0, 0, 0, 0, 0, 0]","[0, 0, 0, 0, 0, 0]","[0, 0, 7.694999999999999, 1.7699999999999998, 1.6857142857142857, 2.2222222222222223]","[0, 0, 5.815384615384616, 1.9153846153846152, 1.15625, 1.0833333333333335]","[0, 0, 13.5, 2.571428571428571, 1.0, 1.5555555555555556]","[0, 0, 7.9772727272727275, 2.25, 1.0, 2.444444444444444]","[0, 0, 6.319148936170213, 1.8936170212765957, 1.0384615384615385, 4.7]","[0, 0, 5.917808219178082, 1.6232876712328768, 1.5789473684210527, 5.7254901960784315]","[0, 0, 0.0, 0.8571428571428571, 5.0, 0.7777777777777778]","[0, 0, 10.636363636363637, 2.3636363636363638, 0.8571428571428571, 1.2222222222222223]","[0, 0, 0, 0, 0, 0]","[1, 0, 5.13, 1.35, 4.529411764705882, 5.0]","[0, 0, 4.170157068062827, 1.2486910994764397, 3.4285714285714284, 6.063492063492063]","[0, 0, 3.6, 1.4, 1.0, 0.7142857142857143]","[0, 1, 5.574193548387097, 1.6838709677419355, 2.8666666666666667, 1.3963963963963963]","[0, 0, 0, 0, 0, 0]","[0, 0, 4.116591928251121, 1.399103139013453, 2.68, 2.753086419753086]","[0, 1, 4.0754716981132075, 1.4339622641509433, 3.1052631578947367, 1.2926829268292683]","[0, 0, 12.0, 2.3333333333333335, 1.5, 3.0]","[0, 0, 0, 0, 0, 0]","[0, 0, 6.171428571428571, 1.9142857142857144, 0.7142857142857143, 1.9444444444444444]","[0, 0, 6.051724137931035, 1.3189655172413794, 3.9, 1.2473118279569892]"
112,2017-08-18,20170818SSKT0,"[0, 0, 4.378378378378379, 1.9459459459459458, 1.0, 1.0724637681159421]","[0, 0, 6.517241379310345, 1.5517241379310345, 5.0, 1.380952380952381]","[0, 0, 9.727941176470589, 1.8970588235294117, 1.1363636363636365, 1.9710144927536233]","[0, 0, 4.5, 1.2413793103448276, 2.6666666666666665, 1.16]","[0, 0, 4.354838709677419, 1.3548387096774193, 0.75, 1.0333333333333334]","[0, 0, 11.571428571428571, 3.4285714285714284, 1, 1.1666666666666667]","[0, 0, 8.4375, 2.15625, 0.8, 2.6666666666666665]","[0, 0, 0, 0, 0, 0]","[0, 0, 0, 0, 0, 0]","[0, 0, 0, 0, 0, 0]","[0, 0, 0, 0, 0, 0]","[0, 0, 0, 0, 0, 0]","[0, 0, 7.694999999999999, 1.7699999999999998, 1.6857142857142857, 2.2222222222222223]","[0, 0, 5.815384615384616, 1.9153846153846152, 1.15625, 1.0833333333333335]","[0, 0, 13.5, 2.571428571428571, 1.0, 1.5555555555555556]","[0, 0, 7.9772727272727275, 2.25, 1.0, 2.444444444444444]","[0, 0, 6.319148936170213, 1.8936170212765957, 1.0384615384615385, 4.7]","[0, 0, 5.917808219178082, 1.6232876712328768, 1.5789473684210527, 5.7254901960784315]","[0, 0, 0.0, 0.8571428571428571, 5.0, 0.7777777777777778]","[0, 0, 10.636363636363637, 2.3636363636363638, 0.8571428571428571, 1.2222222222222223]","[0, 0, 0, 0, 0, 0]","[0, 0, 5.13, 1.35, 4.529411764705882, 5.0]","[1, 0, 4.220843672456576, 1.2729528535980148, 3.4482758620689653, 6.106060606060606]","[0, 0, 3.6, 1.4, 1.0, 0.7142857142857143]","[0, 0, 5.574193548387097, 1.6838709677419355, 2.8666666666666667, 1.3963963963963963]","[0, 0, 0, 0, 0, 0]","[0, 0, 4.116591928251121, 1.399103139013453, 2.68, 2.753086419753086]","[0, 0, 4.0754716981132075, 1.4339622641509433, 3.1052631578947367, 1.2926829268292683]","[0, 0, 12.0, 2.3333333333333335, 1.5, 3.0]","[0, 0, 0, 0, 0, 0]","[0, 0, 6.171428571428571, 1.9142857142857144, 0.7142857142857143, 1.9444444444444444]","[0, 1, 5.801652892561983, 1.2892561983471074, 3.727272727272727, 1.2604166666666667]"
113,2017-08-19,20170819SSLG0,"[0, 0, 4.378378378378379, 1.9459459459459458, 1.0, 1.0724637681159421]","[0, 0, 6.517241379310345, 1.5517241379310345, 5.0, 1.380952380952381]","[0, 0, 9.727941176470589, 1.8970588235294117, 1.1363636363636365, 1.9710144927536233]","[0, 1, 4.782857142857143, 1.2685714285714285, 2.7, 1.1437908496732028]","[0, 0, 4.354838709677419, 1.3548387096774193, 0.75, 1.0333333333333334]","[1, 0, 12.705882352941176, 2.8235294117647056, 0.5, 1.888888888888889]","[0, 0, 8.4375, 2.15625, 0.8, 2.6666666666666665]","[0, 0, 0, 0, 0, 0]","[0, 0, 0, 0, 0, 0]","[0, 0, 0, 0, 0, 0]","[0, 0, 0, 0, 0, 0]","[0, 0, 0, 0, 0, 0]","[0, 1, 7.544117647058823, 1.7794117647058822, 1.6666666666666667, 2.193548387096774]","[0, 0, 5.815384615384616, 1.9153846153846152, 1.15625, 1.0833333333333335]","[0, 1, 9.947368421052632, 2.368421052631579, 1.25, 1.5833333333333333]","[0, 0, 7.9772727272727275, 2.25, 1.0, 2.444444444444444]","[0, 0, 6.319148936170213, 1.8936170212765957, 1.0384615384615385, 4.7]","[0, 0, 5.917808219178082, 1.6232876712328768, 1.5789473684210527, 5.7254901960784315]","[0, 0, 0.0, 0.8571428571428571, 5.0, 0.7777777777777778]","[0, 0, 10.636363636363637, 2.3636363636363638, 0.8571428571428571, 1.2222222222222223]","[0, 0, 0, 0, 0, 0]","[0, 0, 5.13, 1.35, 4.529411764705882, 5.0]","[0, 0, 4.220843672456576, 1.2729528535980148, 3.4482758620689653, 6.106060606060606]","[0, 0, 3.6, 1.4, 1.0, 0.7142857142857143]","[0, 1, 5.468354430379747, 1.6518987341772153, 2.933333333333333, 1.3859649122807016]","[0, 0, 0, 0, 0, 0]","[0, 0, 4.116591928251121, 1.399103139013453, 2.68, 2.753086419753086]","[0, 0, 4.0754716981132075, 1.4339622641509433, 3.1052631578947367, 1.2926829268292683]","[0, 0, 12.0, 2.3333333333333335, 1.5, 3.0]","[0, 0, 0, 0, 0, 0]","[0, 0, 6.171428571428571, 1.9142857142857144, 0.7142857142857143, 1.9444444444444444]","[0, 0, 5.801652892561983, 1.2892561983471074, 3.727272727272727, 1.2604166666666667]"
114,2017-08-22,20170822SSWO0,"[0, 0, 4.378378378378379, 1.9459459459459458, 1.0, 1.0724637681159421]","[0, 0, 6.517241379310345, 1.5517241379310345, 5.0, 1.380952380952381]","[0, 0, 9.727941176470589, 1.8970588235294117, 1.1363636363636365, 1.9710144927536233]","[0, 0, 4.782857142857143, 1.2685714285714285, 2.7, 1.1437908496732028]","[0, 0, 4.354838709677419, 1.3548387096774193, 0.75, 1.0333333333333334]","[0, 0, 12.705882352941176, 2.8235294117647056, 0.5, 1.888888888888889]","[0, 0, 8.4375, 2.15625, 0.8, 2.6666666666666665]","[0, 0, 0, 0, 0, 0]","[0, 0, 0, 0, 0, 0]","[0, 0, 0, 0, 0, 0]","[0, 0, 0, 0, 0, 0]","[0, 0, 0, 0, 0, 0]","[0, 1, 7.399038461538463, 1.7884615384615385, 1.6756756756756757, 2.1666666666666665]","[0, 0, 5.815384615384616, 1.9153846153846152, 1.15625, 1.0833333333333335]","[0, 1, 8.59090909090909, 2.4545454545454546, 1.4, 1.4666666666666666]","[0, 0, 7.9772727272727275, 2.25, 1.0, 2.444444444444444]","[0, 0, 6.319148936170213, 1.8936170212765957, 1.0384615384615385, 4.7]","[1, 0, 5.647058823529412, 1.607843137254902, 1.5121951219512195, 5.666666666666667]","[0, 0, 0.0, 0.8571428571428571, 5.0, 0.7777777777777778]","[0, 0, 10.636363636363637, 2.3636363636363638, 0.8571428571428571, 1.2222222222222223]","[0, 0, 0, 0, 0, 0]","[0, 0, 5.13, 1.35, 4.529411764705882, 5.0]","[0, 0, 4.220843672456576, 1.2729528535980148, 3.4482758620689653, 6.106060606060606]","[0, 0, 3.6, 1.4, 1.0, 0.7142857142857143]","[0, 0, 5.468354430379747, 1.6518987341772153, 2.933333333333333, 1.3859649122807016]","[0, 0, 0, 0, 0, 0]","[0, 0, 4.116591928251121, 1.399103139013453, 2.68, 2.753086419753086]","[0, 0, 4.0754716981132075, 1.4339622641509433, 3.1052631578947367, 1.2926829268292683]","[0, 1, 11.700000000000001, 2.4, 1.4, 3.3333333333333335]","[0, 0, 0, 0, 0, 0]","[0, 1, 6.877358490566038, 2.0094339622641506, 0.7619047619047619, 1.8596491228070178]","[0, 1, 5.661290322580645, 1.2580645161290323, 3.909090909090909, 1.2525252525252526]"
115,2017-08-23,20170823SSWO0,"[0, 0, 4.378378378378379, 1.9459459459459458, 1.0, 1.0724637681159421]","[0, 0, 6.517241379310345, 1.5517241379310345, 5.0, 1.380952380952381]","[0, 1, 9.682758620689656, 1.9241379310344826, 1.08, 2.013888888888889]","[0, 0, 4.782857142857143, 1.2685714285714285, 2.7, 1.1437908496732028]","[0, 0, 4.354838709677419, 1.3548387096774193, 0.75, 1.0333333333333334]","[0, 0, 12.705882352941176, 2.8235294117647056, 0.5, 1.888888888888889]","[0, 0, 8.4375, 2.15625, 0.8, 2.6666666666666665]","[0, 0, 0, 0, 0, 0]","[0, 0, 0, 0, 0, 0]","[0, 0, 0, 0, 0, 0]","[0, 0, 0, 0, 0, 0]","[0, 0, 0, 0, 0, 0]","[0, 0, 7.399038461538463, 1.7884615384615385, 1.6756756756756757, 2.1666666666666665]","[0, 0, 5.815384615384616, 1.9153846153846152, 1.15625, 1.0833333333333335]","[0, 0, 8.59090909090909, 2.4545454545454546, 1.4, 1.4666666666666666]","[0, 0, 7.9772727272727275, 2.25, 1.0, 2.444444444444444]","[0, 0, 6.319148936170213, 1.8936170212765957, 1.0384615384615385, 4.7]","[0, 0, 5.647058823529412, 1.607843137254902, 1.5121951219512195, 5.666666666666667]","[0, 0, 0.0, 0.8571428571428571, 5.0, 0.7777777777777778]","[0, 0, 10.636363636363637, 2.3636363636363638, 0.8571428571428571, 1.2222222222222223]","[0, 0, 0, 0, 0, 0]","[1, 0, 4.962616822429906, 1.3177570093457944, 4.882352941176471, 5.095238095238095]","[0, 0, 4.220843672456576, 1.2729528535980148, 3.4482758620689653, 6.106060606060606]","[0, 0, 3.6, 1.4, 1.0, 0.7142857142857143]","[0, 1, 5.810126582278481, 1.7088607594936709, 2.933333333333333, 1.3504273504273503]","[0, 0, 0, 0, 0, 0]","[0, 0, 4.116591928251121, 1.399103139013453, 2.68, 2.753086419753086]","[0, 0, 4.0754716981132075, 1.4339622641509433, 3.1052631578947367, 1.2926829268292683]","[0, 0, 11.700000000000001, 2.4, 1.4, 3.3333333333333335]","[0, 0, 0, 0, 0, 0]","[0, 0, 6.877358490566038, 2.0094339622641506, 0.7619047619047619, 1.8596491228070178]","[0, 0, 5.661290322580645, 1.2580645161290323, 3.909090909090909, 1.2525252525252526]"
116,2017-08-24,20170824SKSS0,"[0, 0, 4.378378378378379, 1.9459459459459458, 1.0, 1.0724637681159421]","[0, 0, 6.517241379310345, 1.5517241379310345, 5.0, 1.380952380952381]","[0, 0, 9.682758620689656, 1.9241379310344826, 1.08, 2.013888888888889]","[0, 1, 4.728813559322034, 1.2542372881355932, 2.7666666666666666, 1.1346153846153846]","[0, 0, 4.354838709677419, 1.3548387096774193, 0.75, 1.0333333333333334]","[0, 0, 12.705882352941176, 2.8235294117647056, 0.5, 1.888888888888889]","[0, 0, 8.4375, 2.15625, 0.8, 2.6666666666666665]","[0, 0, 0, 0, 0, 0]","[0, 0, 0, 0, 0, 0]","[0, 0, 0, 0, 0, 0]","[0, 0, 0, 0, 0, 0]","[0, 0, 0, 0, 0, 0]","[0, 0, 7.399038461538463, 1.7884615384615385, 1.6756756756756757, 2.1666666666666665]","[0, 0, 5.815384615384616, 1.9153846153846152, 1.15625, 1.0833333333333335]","[0, 0, 8.59090909090909, 2.4545454545454546, 1.4, 1.4666666666666666]","[0, 0, 7.9772727272727275, 2.25, 1.0, 2.444444444444444]","[0, 0, 6.319148936170213, 1.8936170212765957, 1.0384615384615385, 4.7]","[0, 0, 5.647058823529412, 1.607843137254902, 1.5121951219512195, 5.666666666666667]","[0, 0, 0.0, 0.8571428571428571, 5.0, 0.7777777777777778]","[0, 0, 10.636363636363637, 2.3636363636363638, 0.8571428571428571, 1.2222222222222223]","[0, 0, 0, 0, 0, 0]","[0, 0, 4.962616822429906, 1.3177570093457944, 4.882352941176471, 5.095238095238095]","[0, 0, 4.220843672456576, 1.2729528535980148, 3.4482758620689653, 6.106060606060606]","[0, 1, 8.4375, 1.875, 0.8, 0.6666666666666666]","[0, 0, 5.810126582278481, 1.7088607594936709, 2.933333333333333, 1.3504273504273503]","[0, 0, 0, 0, 0, 0]","[0, 0, 4.116591928251121, 1.399103139013453, 2.68, 2.753086419753086]","[0, 1, 4.024844720496895, 1.4161490683229814, 3.1578947368421053, 1.2777777777777777]","[1, 0, 13.064516129032258, 2.5161290322580645, 1.0, 2.5833333333333335]","[0, 0, 0, 0, 0, 0]","[0, 0, 6.877358490566038, 2.0094339622641506, 0.7619047619047619, 1.8596491228070178]","[0, 1, 5.740157480314961, 1.2755905511811023, 4.0, 1.2450980392156863]"
117,2017-08-25,20170825SKSS0,"[0, 0, 4.378378378378379, 1.9459459459459458, 1.0, 1.0724637681159421]","[0, 0, 6.517241379310345, 1.5517241379310345, 5.0, 1.380952380952381]","[0, 0, 9.682758620689656, 1.9241379310344826, 1.08, 2.013888888888889]","[0, 0, 4.728813559322034, 1.2542372881355932, 2.7666666666666666, 1.1346153846153846]","[0, 0, 4.354838709677419, 1.3548387096774193, 0.75, 1.0333333333333334]","[0, 0, 12.705882352941176, 2.8235294117647056, 0.5, 1.888888888888889]","[0, 0, 8.4375, 2.15625, 0.8, 2.6666666666666665]","[0, 0, 0, 0, 0, 0]","[0, 0, 0, 0, 0, 0]","[0, 0, 0, 0, 0, 0]","[0, 0, 0, 0, 0, 0]","[0, 0, 0, 0, 0, 0]","[0, 1, 7.549763033175355, 1.8056872037914693, 1.6578947368421053, 2.131313131313131]","[0, 0, 5.815384615384616, 1.9153846153846152, 1.15625, 1.0833333333333335]","[0, 1, 9.719999999999999, 2.52, 1.3333333333333333, 1.388888888888889]","[0, 1, 7.363636363636363, 2.2363636363636363, 1.0555555555555556, 2.619047619047619]","[0, 0, 6.319148936170213, 1.8936170212765957, 1.0384615384615385, 4.7]","[0, 0, 5.647058823529412, 1.607843137254902, 1.5121951219512195, 5.666666666666667]","[0, 0, 0.0, 0.8571428571428571, 5.0, 0.7777777777777778]","[0, 0, 10.636363636363637, 2.3636363636363638, 0.8571428571428571, 1.2222222222222223]","[0, 0, 0, 0, 0, 0]","[0, 0, 4.962616822429906, 1.3177570093457944, 4.882352941176471, 5.095238095238095]","[1, 0, 4.018604651162791, 1.213953488372093, 3.6206896551724137, 6.231884057971015]","[0, 0, 8.4375, 1.875, 0.8, 0.6666666666666666]","[0, 1, 5.943396226415095, 1.7169811320754718, 2.933333333333333, 1.325]","[0, 0, 0, 0, 0, 0]","[0, 0, 4.116591928251121, 1.399103139013453, 2.68, 2.753086419753086]","[0, 0, 4.024844720496895, 1.4161490683229814, 3.1578947368421053, 1.2777777777777777]","[0, 0, 13.064516129032258, 2.5161290322580645, 1.0, 2.5833333333333335]","[0, 0, 0, 0, 0, 0]","[0, 0, 6.877358490566038, 2.0094339622641506, 0.7619047619047619, 1.8596491228070178]","[0, 0, 5.740157480314961, 1.2755905511811023, 4.0, 1.2450980392156863]"
118,2017-08-26,20170826KTSS0,"[0, 0, 4.378378378378379, 1.9459459459459458, 1.0, 1.0724637681159421]","[0, 0, 6.517241379310345, 1.5517241379310345, 5.0, 1.380952380952381]","[0, 0, 9.682758620689656, 1.9241379310344826, 1.08, 2.013888888888889]","[0, 1, 4.826815642458101, 1.2569832402234637, 2.7096774193548385, 1.1257861635220126]","[0, 0, 4.354838709677419, 1.3548387096774193, 0.75, 1.0333333333333334]","[1, 0, 7.59375, 2.0625, 2.0, 2.6666666666666665]","[0, 0, 8.4375, 2.15625, 0.8, 2.6666666666666665]","[0, 0, 0, 0, 0, 0]","[0, 0, 0, 0, 0, 0]","[0, 0, 0, 0, 0, 0]","[0, 0, 0, 0, 0, 0]","[0, 0, 0, 0, 0, 0]","[0, 1, 7.5700934579439245, 1.8224299065420562, 1.6578947368421053, 2.098039215686274]","[0, 0, 5.815384615384616, 1.9153846153846152, 1.15625, 1.0833333333333335]","[0, 0, 9.719999999999999, 2.52, 1.3333333333333333, 1.388888888888889]","[0, 0, 7.363636363636363, 2.2363636363636363, 1.0555555555555556, 2.619047619047619]","[0, 0, 6.319148936170213, 1.8936170212765957, 1.0384615384615385, 4.7]","[0, 0, 5.647058823529412, 1.607843137254902, 1.5121951219512195, 5.666666666666667]","[0, 0, 0.0, 0.8571428571428571, 5.0, 0.7777777777777778]","[0, 0, 10.636363636363637, 2.3636363636363638, 0.8571428571428571, 1.2222222222222223]","[0, 0, 0, 0, 0, 0]","[0, 0, 4.962616822429906, 1.3177570093457944, 4.882352941176471, 5.095238095238095]","[0, 0, 4.018604651162791, 1.213953488372093, 3.6206896551724137, 6.231884057971015]","[0, 0, 8.4375, 1.875, 0.8, 0.6666666666666666]","[0, 0, 5.943396226415095, 1.7169811320754718, 2.933333333333333, 1.325]","[0, 0, 0, 0, 0, 0]","[0, 0, 4.116591928251121, 1.399103139013453, 2.68, 2.753086419753086]","[0, 0, 4.024844720496895, 1.4161490683229814, 3.1578947368421053, 1.2777777777777777]","[0, 0, 13.064516129032258, 2.5161290322580645, 1.0, 2.5833333333333335]","[0, 0, 0, 0, 0, 0]","[0, 0, 6.877358490566038, 2.0094339622641506, 0.7619047619047619, 1.8596491228070178]","[0, 1, 5.564885496183207, 1.2366412213740459, 4.090909090909091, 1.2476190476190476]"
119,2017-08-27,20170827KTSS0,"[0, 0, 4.378378378378379, 1.9459459459459458, 1.0, 1.0724637681159421]","[0, 0, 6.517241379310345, 1.5517241379310345, 5.0, 1.380952380952381]","[0, 0, 9.682758620689656, 1.9241379310344826, 1.08, 2.013888888888889]","[0, 0, 4.826815642458101, 1.2569832402234637, 2.7096774193548385, 1.1257861635220126]","[0, 0, 4.354838709677419, 1.3548387096774193, 0.75, 1.0333333333333334]","[0, 0, 7.59375, 2.0625, 2.0, 2.6666666666666665]","[0, 0, 8.4375, 2.15625, 0.8, 2.6666666666666665]","[0, 0, 0, 0, 0, 0]","[0, 0, 0, 0, 0, 0]","[0, 0, 0, 0, 0, 0]","[0, 0, 0, 0, 0, 0]","[0, 0, 0, 0, 0, 0]","[0, 0, 7.5700934579439245, 1.8224299065420562, 1.6578947368421053, 2.098039215686274]","[0, 0, 5.815384615384616, 1.9153846153846152, 1.15625, 1.0833333333333335]","[0, 0, 9.719999999999999, 2.52, 1.3333333333333333, 1.388888888888889]","[0, 0, 7.363636363636363, 2.2363636363636363, 1.0555555555555556, 2.619047619047619]","[0, 0, 6.319148936170213, 1.8936170212765957, 1.0384615384615385, 4.7]","[1, 0, 5.688679245283019, 1.6132075471698113, 1.5476190476190477, 5.578947368421052]","[0, 0, 0.0, 0.8571428571428571, 5.0, 0.7777777777777778]","[0, 0, 10.636363636363637, 2.3636363636363638, 0.8571428571428571, 1.2222222222222223]","[0, 0, 0, 0, 0, 0]","[0, 0, 4.962616822429906, 1.3177570093457944, 4.882352941176471, 5.095238095238095]","[0, 0, 4.018604651162791, 1.213953488372093, 3.6206896551724137, 6.231884057971015]","[0, 1, 7.5, 1.6666666666666667, 1.0, 0.6666666666666666]","[0, 0, 5.943396226415095, 1.7169811320754718, 2.933333333333333, 1.325]","[0, 0, 0, 0, 0, 0]","[0, 0, 4.116591928251121, 1.399103139013453, 2.68, 2.753086419753086]","[0, 1, 4.418181818181818, 1.4363636363636363, 3.263157894736842, 1.2790697674418605]","[0, 0, 13.064516129032258, 2.5161290322580645, 1.0, 2.5833333333333335]","[0, 0, 0, 0, 0, 0]","[0, 0, 6.877358490566038, 2.0094339622641506, 0.7619047619047619, 1.8596491228070178]","[0, 0, 5.564885496183207, 1.2366412213740459, 4.090909090909091, 1.2476190476190476]"
120,2017-08-29,20170829HTSS0,"[0, 0, 4.378378378378379, 1.9459459459459458, 1.0, 1.0724637681159421]","[0, 0, 6.517241379310345, 1.5517241379310345, 5.0, 1.380952380952381]","[0, 0, 9.682758620689656, 1.9241379310344826, 1.08, 2.013888888888889]","[0, 1, 4.6702702702702705, 1.2324324324324325, 2.774193548387097, 1.1419753086419753]","[0, 0, 4.354838709677419, 1.3548387096774193, 0.75, 1.0333333333333334]","[0, 0, 7.59375, 2.0625, 2.0, 2.6666666666666665]","[0, 0, 8.4375, 2.15625, 0.8, 2.6666666666666665]","[0, 0, 0, 0, 0, 0]","[0, 0, 0, 0, 0, 0]","[0, 0, 0, 0, 0, 0]","[0, 0, 0, 0, 0, 0]","[0, 0, 0, 0, 0, 0]","[0, 0, 7.5700934579439245, 1.8224299065420562, 1.6578947368421053, 2.098039215686274]","[0, 0, 5.815384615384616, 1.9153846153846152, 1.15625, 1.0833333333333335]","[0, 1, 8.678571428571429, 2.571428571428571, 1.25, 1.3333333333333335]","[0, 0, 7.363636363636363, 2.2363636363636363, 1.0555555555555556, 2.619047619047619]","[0, 0, 6.319148936170213, 1.8936170212765957, 1.0384615384615385, 4.7]","[0, 0, 5.688679245283019, 1.6132075471698113, 1.5476190476190477, 5.578947368421052]","[0, 0, 0.0, 0.8571428571428571, 5.0, 0.7777777777777778]","[0, 0, 10.636363636363637, 2.3636363636363638, 0.8571428571428571, 1.2222222222222223]","[0, 0, 0, 0, 0, 0]","[1, 0, 4.778761061946903, 1.336283185840708, 4.833333333333333, 5.136363636363637]","[0, 0, 4.018604651162791, 1.213953488372093, 3.6206896551724137, 6.231884057971015]","[0, 1, 5.869565217391304, 1.434782608695652, 1.1666666666666667, 0.7666666666666667]","[0, 1, 5.90625, 1.7062499999999998, 2.933333333333333, 1.3008130081300813]","[0, 0, 0, 0, 0, 0]","[0, 0, 4.116591928251121, 1.399103139013453, 2.68, 2.753086419753086]","[0, 0, 4.418181818181818, 1.4363636363636363, 3.263157894736842, 1.2790697674418605]","[0, 0, 13.064516129032258, 2.5161290322580645, 1.0, 2.5833333333333335]","[0, 0, 0, 0, 0, 0]","[0, 0, 6.877358490566038, 2.0094339622641506, 0.7619047619047619, 1.8596491228070178]","[0, 0, 5.564885496183207, 1.2366412213740459, 4.090909090909091, 1.2476190476190476]"
121,2017-08-30,20170830HTSS0,"[0, 0, 4.378378378378379, 1.9459459459459458, 1.0, 1.0724637681159421]","[0, 0, 6.517241379310345, 1.5517241379310345, 5.0, 1.380952380952381]","[0, 0, 9.682758620689656, 1.9241379310344826, 1.08, 2.013888888888889]","[0, 0, 4.6702702702702705, 1.2324324324324325, 2.774193548387097, 1.1419753086419753]","[0, 0, 4.354838709677419, 1.3548387096774193, 0.75, 1.0333333333333334]","[0, 0, 7.59375, 2.0625, 2.0, 2.6666666666666665]","[0, 0, 8.4375, 2.15625, 0.8, 2.6666666666666665]","[0, 0, 0, 0, 0, 0]","[0, 0, 0, 0, 0, 0]","[0, 0, 0, 0, 0, 0]","[0, 0, 0, 0, 0, 0]","[0, 0, 0, 0, 0, 0]","[0, 1, 7.486363636363636, 1.8136363636363637, 1.6923076923076923, 2.095238095238095]","[0, 0, 5.815384615384616, 1.9153846153846152, 1.15625, 1.0833333333333335]","[0, 0, 8.678571428571429, 2.571428571428571, 1.25, 1.3333333333333335]","[0, 1, 7.105263157894736, 2.1578947368421053, 1.1111111111111112, 2.375]","[0, 0, 6.319148936170213, 1.8936170212765957, 1.0384615384615385, 4.7]","[0, 0, 5.688679245283019, 1.6132075471698113, 1.5476190476190477, 5.578947368421052]","[0, 0, 0.0, 0.8571428571428571, 5.0, 0.7777777777777778]","[0, 0, 10.636363636363637, 2.3636363636363638, 0.8571428571428571, 1.2222222222222223]","[0, 0, 0, 0, 0, 0]","[0, 0, 4.778761061946903, 1.336283185840708, 4.833333333333333, 5.136363636363637]","[0, 0, 4.018604651162791, 1.213953488372093, 3.6206896551724137, 6.231884057971015]","[0, 0, 5.869565217391304, 1.434782608695652, 1.1666666666666667, 0.7666666666666667]","[0, 0, 5.90625, 1.7062499999999998, 2.933333333333333, 1.3008130081300813]","[0, 0, 0, 0, 0, 0]","[0, 0, 4.116591928251121, 1.399103139013453, 2.68, 2.753086419753086]","[0, 0, 4.418181818181818, 1.4363636363636363, 3.263157894736842, 1.2790697674418605]","[1, 0, 11.739130434782608, 2.217391304347826, 1.3333333333333333, 3.066666666666667]","[0, 0, 0, 0, 0, 0]","[0, 0, 6.877358490566038, 2.0094339622641506, 0.7619047619047619, 1.8596491228070178]","[0, 0, 5.564885496183207, 1.2366412213740459, 4.090909090909091, 1.2476190476190476]"
122,2017-08-31,20170831SSSK0,"[0, 0, 4.378378378378379, 1.9459459459459458, 1.0, 1.0724637681159421]","[0, 0, 6.517241379310345, 1.5517241379310345, 5.0, 1.380952380952381]","[0, 0, 9.682758620689656, 1.9241379310344826, 1.08, 2.013888888888889]","[0, 1, 4.645161290322581, 1.2419354838709677, 2.774193548387097, 1.1272727272727272]","[0, 0, 4.354838709677419, 1.3548387096774193, 0.75, 1.0333333333333334]","[0, 0, 7.59375, 2.0625, 2.0, 2.6666666666666665]","[0, 0, 8.4375, 2.15625, 0.8, 2.6666666666666665]","[0, 0, 0, 0, 0, 0]","[0, 0, 0, 0, 0, 0]","[0, 0, 0, 0, 0, 0]","[0, 0, 0, 0, 0, 0]","[0, 0, 0, 0, 0, 0]","[0, 0, 7.486363636363636, 1.8136363636363637, 1.6923076923076923, 2.095238095238095]","[0, 0, 5.815384615384616, 1.9153846153846152, 1.15625, 1.0833333333333335]","[0, 0, 8.678571428571429, 2.571428571428571, 1.25, 1.3333333333333335]","[0, 0, 7.105263157894736, 2.1578947368421053, 1.1111111111111112, 2.375]","[0, 0, 6.319148936170213, 1.8936170212765957, 1.0384615384615385, 4.7]","[0, 0, 5.688679245283019, 1.6132075471698113, 1.5476190476190477, 5.578947368421052]","[0, 0, 0.0, 0.8571428571428571, 5.0, 0.7777777777777778]","[0, 0, 10.636363636363637, 2.3636363636363638, 0.8571428571428571, 1.2222222222222223]","[0, 0, 0, 0, 0, 0]","[0, 0, 4.778761061946903, 1.336283185840708, 4.833333333333333, 5.136363636363637]","[1, 0, 4.21875, 1.2388392857142856, 3.6666666666666665, 6.222222222222222]","[0, 1, 4.821428571428571, 1.1785714285714286, 1.5, 0.8484848484848485]","[0, 0, 5.90625, 1.7062499999999998, 2.933333333333333, 1.3008130081300813]","[0, 0, 0, 0, 0, 0]","[0, 0, 4.116591928251121, 1.399103139013453, 2.68, 2.753086419753086]","[0, 0, 4.418181818181818, 1.4363636363636363, 3.263157894736842, 1.2790697674418605]","[0, 0, 11.739130434782608, 2.217391304347826, 1.3333333333333333, 3.066666666666667]","[0, 0, 0, 0, 0, 0]","[0, 0, 6.877358490566038, 2.0094339622641506, 0.7619047619047619, 1.8596491228070178]","[0, 1, 5.518248175182482, 1.2919708029197081, 4.090909090909091, 1.2685185185185184]"
123,2017-09-01,20170901SSSK0,"[0, 1, 5.4, 2.04, 1.0, 1.0416666666666667]","[0, 0, 6.517241379310345, 1.5517241379310345, 5.0, 1.380952380952381]","[0, 0, 9.682758620689656, 1.9241379310344826, 1.08, 2.013888888888889]","[0, 1, 4.620320855614973, 1.267379679144385, 2.6875, 1.1130952380952381]","[0, 0, 4.354838709677419, 1.3548387096774193, 0.75, 1.0333333333333334]","[0, 0, 7.59375, 2.0625, 2.0, 2.6666666666666665]","[0, 0, 8.4375, 2.15625, 0.8, 2.6666666666666665]","[0, 0, 0, 0, 0, 0]","[0, 0, 0, 0, 0, 0]","[0, 0, 0, 0, 0, 0]","[0, 0, 0, 0, 0, 0]","[0, 0, 0, 0, 0, 0]","[0, 0, 7.486363636363636, 1.8136363636363637, 1.6923076923076923, 2.095238095238095]","[0, 0, 5.815384615384616, 1.9153846153846152, 1.15625, 1.0833333333333335]","[0, 0, 8.678571428571429, 2.571428571428571, 1.25, 1.3333333333333335]","[0, 0, 7.105263157894736, 2.1578947368421053, 1.1111111111111112, 2.375]","[0, 0, 6.319148936170213, 1.8936170212765957, 1.0384615384615385, 4.7]","[1, 0, 5.6083086053412465, 1.6201780415430267, 1.5777777777777777, 5.616666666666666]","[0, 0, 0.0, 0.8571428571428571, 5.0, 0.7777777777777778]","[0, 0, 10.636363636363637, 2.3636363636363638, 0.8571428571428571, 1.2222222222222223]","[0, 0, 0, 0, 0, 0]","[0, 0, 4.778761061946903, 1.336283185840708, 4.833333333333333, 5.136363636363637]","[0, 0, 4.21875, 1.2388392857142856, 3.6666666666666665, 6.222222222222222]","[0, 0, 4.821428571428571, 1.1785714285714286, 1.5, 0.8484848484848485]","[0, 1, 5.785714285714286, 1.6785714285714286, 2.8125, 1.3333333333333333]","[0, 0, 0, 0, 0, 0]","[0, 1, 4.084033613445378, 1.411764705882353, 2.6666666666666665, 2.833333333333333]","[0, 0, 4.418181818181818, 1.4363636363636363, 3.263157894736842, 1.2790697674418605]","[0, 0, 11.739130434782608, 2.217391304347826, 1.3333333333333333, 3.066666666666667]","[0, 0, 0, 0, 0, 0]","[0, 0, 6.877358490566038, 2.0094339622641506, 0.7619047619047619, 1.8596491228070178]","[0, 1, 5.438848920863309, 1.2733812949640286, 4.181818181818182, 1.2522522522522523]"
124,2017-09-02,20170902SSOB0,"[0, 0, 5.4, 2.04, 1.0, 1.0416666666666667]","[0, 0, 6.517241379310345, 1.5517241379310345, 5.0, 1.380952380952381]","[0, 0, 9.682758620689656, 1.9241379310344826, 1.08, 2.013888888888889]","[0, 0, 4.620320855614973, 1.267379679144385, 2.6875, 1.1130952380952381]","[0, 0, 4.354838709677419, 1.3548387096774193, 0.75, 1.0333333333333334]","[1, 0, 9.878048780487804, 2.1951219512195124, 1.3333333333333333, 2.7333333333333334]","[0, 0, 8.4375, 2.15625, 0.8, 2.6666666666666665]","[0, 0, 0, 0, 0, 0]","[0, 0, 0, 0, 0, 0]","[0, 0, 0, 0, 0, 0]","[0, 0, 0, 0, 0, 0]","[0, 0, 0, 0, 0, 0]","[0, 0, 7.486363636363636, 1.8136363636363637, 1.6923076923076923, 2.095238095238095]","[0, 0, 5.815384615384616, 1.9153846153846152, 1.15625, 1.0833333333333335]","[0, 0, 8.678571428571429, 2.571428571428571, 1.25, 1.3333333333333335]","[0, 0, 7.105263157894736, 2.1578947368421053, 1.1111111111111112, 2.375]","[0, 0, 6.319148936170213, 1.8936170212765957, 1.0384615384615385, 4.7]","[0, 0, 5.6083086053412465, 1.6201780415430267, 1.5777777777777777, 5.616666666666666]","[0, 0, 0.0, 0.8571428571428571, 5.0, 0.7777777777777778]","[0, 0, 10.636363636363637, 2.3636363636363638, 0.8571428571428571, 1.2222222222222223]","[0, 0, 0, 0, 0, 0]","[0, 0, 4.778761061946903, 1.336283185840708, 4.833333333333333, 5.136363636363637]","[0, 0, 4.21875, 1.2388392857142856, 3.6666666666666665, 6.222222222222222]","[0, 0, 4.821428571428571, 1.1785714285714286, 1.5, 0.8484848484848485]","[0, 0, 5.785714285714286, 1.6785714285714286, 2.8125, 1.3333333333333333]","[0, 0, 0, 0, 0, 0]","[0, 1, 4.084033613445378, 1.4495798319327733, 2.4827586206896552, 2.735632183908046]","[0, 1, 4.339285714285714, 1.4285714285714286, 3.2, 1.2727272727272727]","[0, 0, 11.739130434782608, 2.217391304347826, 1.3333333333333333, 3.066666666666667]","[0, 0, 0, 0, 0, 0]","[0, 0, 6.877358490566038, 2.0094339622641506, 0.7619047619047619, 1.8596491228070178]","[0, 0, 5.438848920863309, 1.2733812949640286, 4.181818181818182, 1.2522522522522523]"
125,2017-09-03,20170903SSOB0,"[0, 0, 5.4, 2.04, 1.0, 1.0416666666666667]","[0, 0, 6.517241379310345, 1.5517241379310345, 5.0, 1.380952380952381]","[0, 0, 9.682758620689656, 1.9241379310344826, 1.08, 2.013888888888889]","[0, 0, 4.620320855614973, 1.267379679144385, 2.6875, 1.1130952380952381]","[0, 0, 4.354838709677419, 1.3548387096774193, 0.75, 1.0333333333333334]","[0, 0, 9.878048780487804, 2.1951219512195124, 1.3333333333333333, 2.7333333333333334]","[0, 0, 8.4375, 2.15625, 0.8, 2.6666666666666665]","[0, 0, 0, 0, 0, 0]","[0, 0, 0, 0, 0, 0]","[0, 0, 0, 0, 0, 0]","[0, 0, 0, 0, 0, 0]","[0, 0, 0, 0, 0, 0]","[0, 1, 7.5600000000000005, 1.84, 1.675, 2.0833333333333335]","[0, 0, 5.815384615384616, 1.9153846153846152, 1.15625, 1.0833333333333335]","[0, 0, 8.678571428571429, 2.571428571428571, 1.25, 1.3333333333333335]","[0, 0, 7.105263157894736, 2.1578947368421053, 1.1111111111111112, 2.375]","[0, 0, 6.319148936170213, 1.8936170212765957, 1.0384615384615385, 4.7]","[0, 0, 5.6083086053412465, 1.6201780415430267, 1.5777777777777777, 5.616666666666666]","[0, 0, 0.0, 0.8571428571428571, 5.0, 0.7777777777777778]","[0, 1, 10.028571428571428, 2.4857142857142858, 0.6, 1.1666666666666665]","[0, 0, 0, 0, 0, 0]","[1, 0, 5.215909090909091, 1.372159090909091, 4.7368421052631575, 5.101449275362318]","[0, 0, 4.21875, 1.2388392857142856, 3.6666666666666665, 6.222222222222222]","[0, 1, 4.655172413793104, 1.2413793103448276, 1.5, 0.8055555555555555]","[0, 0, 5.785714285714286, 1.6785714285714286, 2.8125, 1.3333333333333333]","[0, 0, 0, 0, 0, 0]","[0, 0, 4.084033613445378, 1.4495798319327733, 2.4827586206896552, 2.735632183908046]","[0, 0, 4.339285714285714, 1.4285714285714286, 3.2, 1.2727272727272727]","[0, 0, 11.739130434782608, 2.217391304347826, 1.3333333333333333, 3.066666666666667]","[0, 0, 0, 0, 0, 0]","[0, 0, 6.877358490566038, 2.0094339622641506, 0.7619047619047619, 1.8596491228070178]","[0, 0, 5.438848920863309, 1.2733812949640286, 4.181818181818182, 1.2522522522522523]"
126,2017-09-05,20170905NCSS0,"[0, 0, 5.4, 2.04, 1.0, 1.0416666666666667]","[0, 0, 6.517241379310345, 1.5517241379310345, 5.0, 1.380952380952381]","[0, 0, 9.682758620689656, 1.9241379310344826, 1.08, 2.013888888888889]","[0, 1, 4.523560209424084, 1.2722513089005236, 2.5588235294117645, 1.1169590643274854]","[0, 0, 4.354838709677419, 1.3548387096774193, 0.75, 1.0333333333333334]","[0, 0, 9.878048780487804, 2.1951219512195124, 1.3333333333333333, 2.7333333333333334]","[0, 0, 8.4375, 2.15625, 0.8, 2.6666666666666665]","[0, 0, 0, 0, 0, 0]","[0, 0, 0, 0, 0, 0]","[0, 0, 0, 0, 0, 0]","[0, 0, 0, 0, 0, 0]","[0, 0, 0, 0, 0, 0]","[0, 0, 7.5600000000000005, 1.84, 1.675, 2.0833333333333335]","[0, 0, 5.815384615384616, 1.9153846153846152, 1.15625, 1.0833333333333335]","[0, 0, 8.678571428571429, 2.571428571428571, 1.25, 1.3333333333333335]","[0, 0, 7.105263157894736, 2.1578947368421053, 1.1111111111111112, 2.375]","[0, 0, 6.319148936170213, 1.8936170212765957, 1.0384615384615385, 4.7]","[0, 0, 5.6083086053412465, 1.6201780415430267, 1.5777777777777777, 5.616666666666666]","[0, 0, 0.0, 0.8571428571428571, 5.0, 0.7777777777777778]","[0, 0, 10.028571428571428, 2.4857142857142858, 0.6, 1.1666666666666665]","[0, 0, 0, 0, 0, 0]","[0, 0, 5.215909090909091, 1.372159090909091, 4.7368421052631575, 5.101449275362318]","[0, 0, 4.21875, 1.2388392857142856, 3.6666666666666665, 6.222222222222222]","[0, 0, 4.655172413793104, 1.2413793103448276, 1.5, 0.8055555555555555]","[0, 0, 5.785714285714286, 1.6785714285714286, 2.8125, 1.3333333333333333]","[0, 0, 0, 0, 0, 0]","[0, 1, 3.935222672064777, 1.408906882591093, 2.689655172413793, 2.7444444444444445]","[0, 1, 4.263157894736842, 1.4210526315789473, 3.0476190476190474, 1.2666666666666666]","[1, 0, 9.553846153846154, 1.9384615384615385, 1.4166666666666667, 3.611111111111111]","[0, 0, 0, 0, 0, 0]","[0, 0, 6.877358490566038, 2.0094339622641506, 0.7619047619047619, 1.8596491228070178]","[0, 0, 5.438848920863309, 1.2733812949640286, 4.181818181818182, 1.2522522522522523]"
127,2017-09-07,20170907SSLT0,"[0, 0, 5.4, 2.04, 1.0, 1.0416666666666667]","[0, 0, 6.517241379310345, 1.5517241379310345, 5.0, 1.380952380952381]","[0, 0, 9.682758620689656, 1.9241379310344826, 1.08, 2.013888888888889]","[0, 1, 4.430769230769231, 1.2615384615384615, 2.5142857142857142, 1.1206896551724137]","[0, 0, 4.354838709677419, 1.3548387096774193, 0.75, 1.0333333333333334]","[0, 0, 9.878048780487804, 2.1951219512195124, 1.3333333333333333, 2.7333333333333334]","[0, 0, 8.4375, 2.15625, 0.8, 2.6666666666666665]","[0, 0, 0, 0, 0, 0]","[0, 0, 0, 0, 0, 0]","[0, 0, 0, 0, 0, 0]","[0, 0, 0, 0, 0, 0]","[0, 0, 0, 0, 0, 0]","[0, 0, 7.5600000000000005, 1.84, 1.675, 2.0833333333333335]","[0, 0, 5.815384615384616, 1.9153846153846152, 1.15625, 1.0833333333333335]","[0, 0, 8.678571428571429, 2.571428571428571, 1.25, 1.3333333333333335]","[0, 0, 7.105263157894736, 2.1578947368421053, 1.1111111111111112, 2.375]","[0, 0, 6.319148936170213, 1.8936170212765957, 1.0384615384615385, 4.7]","[0, 0, 5.6083086053412465, 1.6201780415430267, 1.5777777777777777, 5.616666666666666]","[0, 0, 0.0, 0.8571428571428571, 5.0, 0.7777777777777778]","[0, 0, 10.028571428571428, 2.4857142857142858, 0.6, 1.1666666666666665]","[0, 0, 0, 0, 0, 0]","[0, 0, 5.215909090909091, 1.372159090909091, 4.7368421052631575, 5.101449275362318]","[1, 0, 4.260127931769723, 1.2473347547974414, 3.6774193548387095, 6.253333333333334]","[0, 0, 4.655172413793104, 1.2413793103448276, 1.5, 0.8055555555555555]","[0, 0, 5.785714285714286, 1.6785714285714286, 2.8125, 1.3333333333333333]","[0, 0, 0, 0, 0, 0]","[0, 0, 3.935222672064777, 1.408906882591093, 2.689655172413793, 2.7444444444444445]","[0, 1, 4.142045454545455, 1.3806818181818183, 3.1904761904761907, 1.2753623188405796]","[0, 0, 9.553846153846154, 1.9384615384615385, 1.4166666666666667, 3.611111111111111]","[0, 0, 0, 0, 0, 0]","[0, 0, 6.877358490566038, 2.0094339622641506, 0.7619047619047619, 1.8596491228070178]","[0, 0, 5.438848920863309, 1.2733812949640286, 4.181818181818182, 1.2522522522522523]"
128,2017-09-08,20170908SSLT0,"[0, 0, 5.4, 2.04, 1.0, 1.0416666666666667]","[0, 0, 6.517241379310345, 1.5517241379310345, 5.0, 1.380952380952381]","[0, 0, 9.682758620689656, 1.9241379310344826, 1.08, 2.013888888888889]","[0, 0, 4.430769230769231, 1.2615384615384615, 2.5142857142857142, 1.1206896551724137]","[0, 0, 4.354838709677419, 1.3548387096774193, 0.75, 1.0333333333333334]","[0, 0, 9.878048780487804, 2.1951219512195124, 1.3333333333333333, 2.7333333333333334]","[0, 0, 8.4375, 2.15625, 0.8, 2.6666666666666665]","[0, 0, 0, 0, 0, 0]","[0, 0, 0, 0, 0, 0]","[0, 0, 0, 0, 0, 0]","[0, 0, 0, 0, 0, 0]","[0, 0, 0, 0, 0, 0]","[0, 1, 7.427947598253274, 1.834061135371179, 1.675, 2.063063063063063]","[0, 0, 5.815384615384616, 1.9153846153846152, 1.15625, 1.0833333333333335]","[0, 0, 8.678571428571429, 2.571428571428571, 1.25, 1.3333333333333335]","[0, 0, 7.105263157894736, 2.1578947368421053, 1.1111111111111112, 2.375]","[0, 0, 6.319148936170213, 1.8936170212765957, 1.0384615384615385, 4.7]","[1, 0, 5.741379310344827, 1.6379310344827587, 1.608695652173913, 5.523809523809524]","[0, 0, 0.0, 0.8571428571428571, 5.0, 0.7777777777777778]","[0, 0, 10.028571428571428, 2.4857142857142858, 0.6, 1.1666666666666665]","[0, 0, 0, 0, 0, 0]","[0, 0, 5.215909090909091, 1.372159090909091, 4.7368421052631575, 5.101449275362318]","[0, 0, 4.260127931769723, 1.2473347547974414, 3.6774193548387095, 6.253333333333334]","[0, 1, 6.967741935483871, 1.4516129032258063, 1.1111111111111112, 0.7948717948717949]","[0, 0, 5.785714285714286, 1.6785714285714286, 2.8125, 1.3333333333333333]","[0, 0, 0, 0, 0, 0]","[0, 0, 3.935222672064777, 1.408906882591093, 2.689655172413793, 2.7444444444444445]","[0, 0, 4.142045454545455, 1.3806818181818183, 3.1904761904761907, 1.2753623188405796]","[0, 0, 9.553846153846154, 1.9384615384615385, 1.4166666666666667, 3.611111111111111]","[0, 0, 0, 0, 0, 0]","[0, 0, 6.877358490566038, 2.0094339622641506, 0.7619047619047619, 1.8596491228070178]","[0, 1, 5.475524475524475, 1.3006993006993008, 3.6923076923076925, 1.2543859649122806]"
129,2017-09-09,20170909SSHT0,"[0, 0, 5.4, 2.04, 1.0, 1.0416666666666667]","[0, 0, 6.517241379310345, 1.5517241379310345, 5.0, 1.380952380952381]","[0, 0, 9.682758620689656, 1.9241379310344826, 1.08, 2.013888888888889]","[0, 1, 4.298507462686567, 1.2537313432835822, 2.5277777777777777, 1.1355932203389831]","[0, 0, 4.354838709677419, 1.3548387096774193, 0.75, 1.0333333333333334]","[1, 0, 8.196428571428571, 1.9285714285714284, 1.7777777777777777, 3.111111111111111]","[0, 0, 8.4375, 2.15625, 0.8, 2.6666666666666665]","[0, 0, 0, 0, 0, 0]","[0, 0, 0, 0, 0, 0]","[0, 0, 0, 0, 0, 0]","[0, 0, 0, 0, 0, 0]","[0, 0, 0, 0, 0, 0]","[0, 0, 7.427947598253274, 1.834061135371179, 1.675, 2.063063063063063]","[0, 0, 5.815384615384616, 1.9153846153846152, 1.15625, 1.0833333333333335]","[0, 0, 8.678571428571429, 2.571428571428571, 1.25, 1.3333333333333335]","[0, 0, 7.105263157894736, 2.1578947368421053, 1.1111111111111112, 2.375]","[0, 0, 6.319148936170213, 1.8936170212765957, 1.0384615384615385, 4.7]","[0, 0, 5.741379310344827, 1.6379310344827587, 1.608695652173913, 5.523809523809524]","[0, 0, 0.0, 0.8571428571428571, 5.0, 0.7777777777777778]","[0, 0, 10.028571428571428, 2.4857142857142858, 0.6, 1.1666666666666665]","[0, 0, 0, 0, 0, 0]","[0, 0, 5.215909090909091, 1.372159090909091, 4.7368421052631575, 5.101449275362318]","[0, 0, 4.260127931769723, 1.2473347547974414, 3.6774193548387095, 6.253333333333334]","[0, 1, 6.75, 1.40625, 1.2222222222222223, 0.7619047619047619]","[0, 0, 5.785714285714286, 1.6785714285714286, 2.8125, 1.3333333333333333]","[0, 0, 0, 0, 0, 0]","[0, 1, 4.120481927710844, 1.4337349397590362, 2.6, 2.6774193548387095]","[0, 1, 4.223463687150838, 1.4078212290502794, 3.1363636363636362, 1.2695035460992907]","[0, 0, 9.553846153846154, 1.9384615384615385, 1.4166666666666667, 3.611111111111111]","[0, 0, 0, 0, 0, 0]","[0, 0, 6.877358490566038, 2.0094339622641506, 0.7619047619047619, 1.8596491228070178]","[0, 0, 5.475524475524475, 1.3006993006993008, 3.6923076923076925, 1.2543859649122806]"
130,2017-09-10,20170910SSHT0,"[0, 0, 5.4, 2.04, 1.0, 1.0416666666666667]","[0, 0, 6.517241379310345, 1.5517241379310345, 5.0, 1.380952380952381]","[0, 0, 9.682758620689656, 1.9241379310344826, 1.08, 2.013888888888889]","[0, 0, 4.298507462686567, 1.2537313432835822, 2.5277777777777777, 1.1355932203389831]","[0, 0, 4.354838709677419, 1.3548387096774193, 0.75, 1.0333333333333334]","[0, 0, 8.196428571428571, 1.9285714285714284, 1.7777777777777777, 3.111111111111111]","[0, 0, 8.4375, 2.15625, 0.8, 2.6666666666666665]","[0, 0, 0, 0, 0, 0]","[0, 0, 0, 0, 0, 0]","[0, 0, 0, 0, 0, 0]","[0, 0, 0, 0, 0, 0]","[0, 0, 0, 0, 0, 0]","[0, 0, 7.427947598253274, 1.834061135371179, 1.675, 2.063063063063063]","[0, 0, 5.815384615384616, 1.9153846153846152, 1.15625, 1.0833333333333335]","[0, 0, 8.678571428571429, 2.571428571428571, 1.25, 1.3333333333333335]","[0, 0, 7.105263157894736, 2.1578947368421053, 1.1111111111111112, 2.375]","[0, 0, 6.319148936170213, 1.8936170212765957, 1.0384615384615385, 4.7]","[0, 0, 5.741379310344827, 1.6379310344827587, 1.608695652173913, 5.523809523809524]","[0, 0, 0.0, 0.8571428571428571, 5.0, 0.7777777777777778]","[0, 0, 10.028571428571428, 2.4857142857142858, 0.6, 1.1666666666666665]","[0, 0, 0, 0, 0, 0]","[1, 0, 5.29700272479564, 1.4059945504087195, 4.043478260869565, 5.097222222222222]","[0, 0, 4.260127931769723, 1.2473347547974414, 3.6774193548387095, 6.253333333333334]","[0, 1, 6.75, 1.5, 1.2222222222222223, 0.711111111111111]","[0, 1, 5.842105263157895, 1.6842105263157894, 2.8125, 1.3255813953488371]","[0, 0, 0, 0, 0, 0]","[0, 0, 4.120481927710844, 1.4337349397590362, 2.6, 2.6774193548387095]","[0, 1, 4.153846153846154, 1.4010989010989012, 3.1818181818181817, 1.2638888888888888]","[0, 0, 9.553846153846154, 1.9384615384615385, 1.4166666666666667, 3.611111111111111]","[0, 0, 0, 0, 0, 0]","[0, 0, 6.877358490566038, 2.0094339622641506, 0.7619047619047619, 1.8596491228070178]","[0, 1, 5.510204081632653, 1.3061224489795917, 3.5714285714285716, 1.2564102564102564]"
131,2017-09-12,20170912HHSS0,"[0, 1, 5.25974025974026, 1.987012987012987, 1.0, 1.0266666666666666]","[0, 0, 6.517241379310345, 1.5517241379310345, 5.0, 1.380952380952381]","[0, 0, 9.682758620689656, 1.9241379310344826, 1.08, 2.013888888888889]","[0, 0, 4.298507462686567, 1.2537313432835822, 2.5277777777777777, 1.1355932203389831]","[0, 0, 4.354838709677419, 1.3548387096774193, 0.75, 1.0333333333333334]","[0, 0, 8.196428571428571, 1.9285714285714284, 1.7777777777777777, 3.111111111111111]","[0, 0, 8.4375, 2.15625, 0.8, 2.6666666666666665]","[0, 0, 0, 0, 0, 0]","[0, 0, 0, 0, 0, 0]","[0, 0, 0, 0, 0, 0]","[0, 0, 0, 0, 0, 0]","[0, 0, 0, 0, 0, 0]","[0, 1, 7.331896551724139, 1.8362068965517242, 1.6829268292682926, 2.0350877192982453]","[0, 0, 5.815384615384616, 1.9153846153846152, 1.15625, 1.0833333333333335]","[0, 0, 8.678571428571429, 2.571428571428571, 1.25, 1.3333333333333335]","[0, 0, 7.105263157894736, 2.1578947368421053, 1.1111111111111112, 2.375]","[0, 0, 6.319148936170213, 1.8936170212765957, 1.0384615384615385, 4.7]","[0, 0, 5.741379310344827, 1.6379310344827587, 1.608695652173913, 5.523809523809524]","[0, 0, 0.0, 0.8571428571428571, 5.0, 0.7777777777777778]","[0, 0, 10.028571428571428, 2.4857142857142858, 0.6, 1.1666666666666665]","[0, 0, 0, 0, 0, 0]","[0, 0, 5.29700272479564, 1.4059945504087195, 4.043478260869565, 5.097222222222222]","[0, 0, 4.260127931769723, 1.2473347547974414, 3.6774193548387095, 6.253333333333334]","[0, 1, 6.352941176470588, 1.4117647058823528, 1.2222222222222223, 0.7083333333333334]","[0, 0, 5.842105263157895, 1.6842105263157894, 2.8125, 1.3255813953488371]","[0, 0, 0, 0, 0, 0]","[0, 0, 4.120481927710844, 1.4337349397590362, 2.6, 2.6774193548387095]","[0, 0, 4.153846153846154, 1.4010989010989012, 3.1818181818181817, 1.2638888888888888]","[1, 0, 8.0, 1.7777777777777777, 1.6153846153846154, 3.857142857142857]","[0, 0, 0, 0, 0, 0]","[0, 0, 6.877358490566038, 2.0094339622641506, 0.7619047619047619, 1.8596491228070178]","[0, 0, 5.510204081632653, 1.3061224489795917, 3.5714285714285716, 1.2564102564102564]"
132,2017-09-13,20170913HHSS0,"[0, 0, 5.25974025974026, 1.987012987012987, 1.0, 1.0266666666666666]","[0, 0, 6.517241379310345, 1.5517241379310345, 5.0, 1.380952380952381]","[0, 0, 9.682758620689656, 1.9241379310344826, 1.08, 2.013888888888889]","[0, 0, 4.298507462686567, 1.2537313432835822, 2.5277777777777777, 1.1355932203389831]","[0, 0, 4.354838709677419, 1.3548387096774193, 0.75, 1.0333333333333334]","[0, 0, 8.196428571428571, 1.9285714285714284, 1.7777777777777777, 3.111111111111111]","[0, 0, 8.4375, 2.15625, 0.8, 2.6666666666666665]","[0, 0, 0, 0, 0, 0]","[0, 0, 0, 0, 0, 0]","[0, 0, 0, 0, 0, 0]","[0, 0, 0, 0, 0, 0]","[0, 0, 0, 0, 0, 0]","[0, 0, 7.331896551724139, 1.8362068965517242, 1.6829268292682926, 2.0350877192982453]","[0, 0, 5.815384615384616, 1.9153846153846152, 1.15625, 1.0833333333333335]","[0, 0, 8.678571428571429, 2.571428571428571, 1.25, 1.3333333333333335]","[0, 0, 7.105263157894736, 2.1578947368421053, 1.1111111111111112, 2.375]","[0, 0, 6.319148936170213, 1.8936170212765957, 1.0384615384615385, 4.7]","[0, 0, 5.741379310344827, 1.6379310344827587, 1.608695652173913, 5.523809523809524]","[0, 0, 0.0, 0.8571428571428571, 5.0, 0.7777777777777778]","[0, 1, 9.236842105263158, 2.368421052631579, 0.7, 1.1515151515151514]","[0, 0, 0, 0, 0, 0]","[0, 0, 5.29700272479564, 1.4059945504087195, 4.043478260869565, 5.097222222222222]","[1, 0, 4.324435318275154, 1.2566735112936345, 3.606060606060606, 6.243589743589744]","[0, 1, 6.0, 1.3333333333333333, 1.2222222222222223, 0.7058823529411765]","[0, 0, 5.842105263157895, 1.6842105263157894, 2.8125, 1.3255813953488371]","[0, 0, 0, 0, 0, 0]","[0, 0, 4.120481927710844, 1.4337349397590362, 2.6, 2.6774193548387095]","[0, 0, 4.153846153846154, 1.4010989010989012, 3.1818181818181817, 1.2638888888888888]","[0, 0, 8.0, 1.7777777777777777, 1.6153846153846154, 3.857142857142857]","[0, 0, 0, 0, 0, 0]","[0, 0, 6.877358490566038, 2.0094339622641506, 0.7619047619047619, 1.8596491228070178]","[0, 1, 5.364238410596026, 1.2913907284768211, 3.642857142857143, 1.2583333333333333]"
133,2017-09-14,20170914SSNC0,"[0, 1, 4.879518072289157, 1.8433734939759034, 1.0454545454545454, 1.064102564102564]","[0, 0, 6.517241379310345, 1.5517241379310345, 5.0, 1.380952380952381]","[0, 0, 9.682758620689656, 1.9241379310344826, 1.08, 2.013888888888889]","[0, 1, 4.3463414634146345, 1.273170731707317, 2.4473684210526314, 1.1388888888888888]","[0, 0, 4.354838709677419, 1.3548387096774193, 0.75, 1.0333333333333334]","[0, 0, 8.196428571428571, 1.9285714285714284, 1.7777777777777777, 3.111111111111111]","[0, 0, 8.4375, 2.15625, 0.8, 2.6666666666666665]","[0, 0, 0, 0, 0, 0]","[0, 0, 0, 0, 0, 0]","[0, 0, 0, 0, 0, 0]","[0, 0, 0, 0, 0, 0]","[0, 0, 0, 0, 0, 0]","[0, 0, 7.331896551724139, 1.8362068965517242, 1.6829268292682926, 2.0350877192982453]","[0, 0, 5.815384615384616, 1.9153846153846152, 1.15625, 1.0833333333333335]","[0, 0, 8.678571428571429, 2.571428571428571, 1.25, 1.3333333333333335]","[0, 0, 7.105263157894736, 2.1578947368421053, 1.1111111111111112, 2.375]","[0, 0, 6.319148936170213, 1.8936170212765957, 1.0384615384615385, 4.7]","[1, 0, 5.85989010989011, 1.6730769230769231, 1.6041666666666667, 5.515151515151515]","[0, 0, 0.0, 0.8571428571428571, 5.0, 0.7777777777777778]","[0, 0, 9.236842105263158, 2.368421052631579, 0.7, 1.1515151515151514]","[0, 0, 0, 0, 0, 0]","[0, 0, 5.29700272479564, 1.4059945504087195, 4.043478260869565, 5.097222222222222]","[0, 0, 4.324435318275154, 1.2566735112936345, 3.606060606060606, 6.243589743589744]","[0, 1, 5.684210526315789, 1.2631578947368423, 1.3333333333333333, 0.7037037037037037]","[0, 1, 5.9491525423728815, 1.694915254237288, 2.9375, 1.3409090909090908]","[0, 0, 0, 0, 0, 0]","[0, 0, 4.120481927710844, 1.4337349397590362, 2.6, 2.6774193548387095]","[0, 1, 4.0864864864864865, 1.427027027027027, 3.0869565217391304, 1.258503401360544]","[0, 0, 8.0, 1.7777777777777777, 1.6153846153846154, 3.857142857142857]","[0, 0, 0, 0, 0, 0]","[0, 0, 6.877358490566038, 2.0094339622641506, 0.7619047619047619, 1.8596491228070178]","[0, 1, 5.25974025974026, 1.2662337662337662, 3.7857142857142856, 1.2520325203252034]"
134,2017-09-15,20170915SSNC0,"[0, 0, 4.879518072289157, 1.8433734939759034, 1.0454545454545454, 1.064102564102564]","[0, 0, 6.517241379310345, 1.5517241379310345, 5.0, 1.380952380952381]","[0, 0, 9.682758620689656, 1.9241379310344826, 1.08, 2.013888888888889]","[0, 0, 4.3463414634146345, 1.273170731707317, 2.4473684210526314, 1.1388888888888888]","[0, 0, 4.354838709677419, 1.3548387096774193, 0.75, 1.0333333333333334]","[0, 0, 8.196428571428571, 1.9285714285714284, 1.7777777777777777, 3.111111111111111]","[0, 0, 8.4375, 2.15625, 0.8, 2.6666666666666665]","[0, 0, 0, 0, 0, 0]","[0, 0, 0, 0, 0, 0]","[0, 0, 0, 0, 0, 0]","[0, 0, 0, 0, 0, 0]","[0, 0, 0, 0, 0, 0]","[0, 1, 7.343096234309623, 1.8577405857740585, 1.6136363636363635, 2.042735042735043]","[0, 0, 5.815384615384616, 1.9153846153846152, 1.15625, 1.0833333333333335]","[0, 1, 9.642857142857142, 3.0, 0.9090909090909091, 1.1666666666666667]","[0, 0, 7.105263157894736, 2.1578947368421053, 1.1111111111111112, 2.375]","[0, 0, 6.319148936170213, 1.8936170212765957, 1.0384615384615385, 4.7]","[0, 0, 5.85989010989011, 1.6730769230769231, 1.6041666666666667, 5.515151515151515]","[0, 0, 0.0, 0.8571428571428571, 5.0, 0.7777777777777778]","[0, 0, 9.236842105263158, 2.368421052631579, 0.7, 1.1515151515151514]","[0, 0, 0, 0, 0, 0]","[0, 0, 5.29700272479564, 1.4059945504087195, 4.043478260869565, 5.097222222222222]","[0, 0, 4.324435318275154, 1.2566735112936345, 3.606060606060606, 6.243589743589744]","[0, 0, 5.684210526315789, 1.2631578947368423, 1.3333333333333333, 0.7037037037037037]","[0, 0, 5.9491525423728815, 1.694915254237288, 2.9375, 1.3409090909090908]","[0, 0, 0, 0, 0, 0]","[1, 0, 3.976744186046512, 1.4186046511627908, 2.6666666666666665, 2.6875]","[0, 0, 4.0864864864864865, 1.427027027027027, 3.0869565217391304, 1.258503401360544]","[0, 0, 8.0, 1.7777777777777777, 1.6153846153846154, 3.857142857142857]","[0, 0, 0, 0, 0, 0]","[0, 0, 6.877358490566038, 2.0094339622641506, 0.7619047619047619, 1.8596491228070178]","[0, 0, 5.25974025974026, 1.2662337662337662, 3.7857142857142856, 1.2520325203252034]"
135,2017-09-16,20170916OBSS0,"[0, 1, 4.655172413793104, 1.793103448275862, 1.0909090909090908, 1.0740740740740742]","[0, 0, 6.517241379310345, 1.5517241379310345, 5.0, 1.380952380952381]","[0, 0, 9.682758620689656, 1.9241379310344826, 1.08, 2.013888888888889]","[0, 0, 4.3463414634146345, 1.273170731707317, 2.4473684210526314, 1.1388888888888888]","[0, 0, 4.354838709677419, 1.3548387096774193, 0.75, 1.0333333333333334]","[1, 0, 7.985915492957746, 1.816901408450704, 1.5, 3.380952380952381]","[0, 0, 8.4375, 2.15625, 0.8, 2.6666666666666665]","[0, 0, 0, 0, 0, 0]","[0, 0, 0, 0, 0, 0]","[0, 0, 0, 0, 0, 0]","[0, 0, 0, 0, 0, 0]","[0, 0, 0, 0, 0, 0]","[0, 0, 7.343096234309623, 1.8577405857740585, 1.6136363636363635, 2.042735042735043]","[0, 0, 5.815384615384616, 1.9153846153846152, 1.15625, 1.0833333333333335]","[0, 0, 9.642857142857142, 3.0, 0.9090909090909091, 1.1666666666666667]","[0, 0, 7.105263157894736, 2.1578947368421053, 1.1111111111111112, 2.375]","[0, 0, 6.319148936170213, 1.8936170212765957, 1.0384615384615385, 4.7]","[0, 0, 5.85989010989011, 1.6730769230769231, 1.6041666666666667, 5.515151515151515]","[0, 0, 0.0, 0.8571428571428571, 5.0, 0.7777777777777778]","[0, 1, 9.0, 2.2857142857142856, 0.6363636363636364, 1.1666666666666667]","[0, 0, 0, 0, 0, 0]","[0, 0, 5.29700272479564, 1.4059945504087195, 4.043478260869565, 5.097222222222222]","[0, 0, 4.324435318275154, 1.2566735112936345, 3.606060606060606, 6.243589743589744]","[0, 0, 5.684210526315789, 1.2631578947368423, 1.3333333333333333, 0.7037037037037037]","[0, 1, 5.88268156424581, 1.7094972067039107, 3.0, 1.325925925925926]","[0, 0, 0, 0, 0, 0]","[0, 0, 3.976744186046512, 1.4186046511627908, 2.6666666666666665, 2.6875]","[0, 0, 4.0864864864864865, 1.427027027027027, 3.0869565217391304, 1.258503401360544]","[0, 0, 8.0, 1.7777777777777777, 1.6153846153846154, 3.857142857142857]","[0, 0, 0, 0, 0, 0]","[0, 0, 6.877358490566038, 2.0094339622641506, 0.7619047619047619, 1.8596491228070178]","[0, 0, 5.25974025974026, 1.2662337662337662, 3.7857142857142856, 1.2520325203252034]"
136,2017-09-17,20170917OBSS0,"[0, 0, 4.655172413793104, 1.793103448275862, 1.0909090909090908, 1.0740740740740742]","[0, 0, 6.517241379310345, 1.5517241379310345, 5.0, 1.380952380952381]","[0, 0, 9.682758620689656, 1.9241379310344826, 1.08, 2.013888888888889]","[0, 1, 4.242857142857143, 1.2857142857142858, 2.526315789473684, 1.1475409836065573]","[0, 0, 4.354838709677419, 1.3548387096774193, 0.75, 1.0333333333333334]","[0, 0, 7.985915492957746, 1.816901408450704, 1.5, 3.380952380952381]","[0, 0, 8.4375, 2.15625, 0.8, 2.6666666666666665]","[0, 0, 0, 0, 0, 0]","[0, 0, 0, 0, 0, 0]","[0, 0, 0, 0, 0, 0]","[0, 0, 0, 0, 0, 0]","[0, 0, 0, 0, 0, 0]","[0, 0, 7.343096234309623, 1.8577405857740585, 1.6136363636363635, 2.042735042735043]","[0, 0, 5.815384615384616, 1.9153846153846152, 1.15625, 1.0833333333333335]","[0, 1, 7.9411764705882355, 2.735294117647059, 0.8461538461538461, 1.2592592592592593]","[0, 0, 7.105263157894736, 2.1578947368421053, 1.1111111111111112, 2.375]","[0, 0, 6.319148936170213, 1.8936170212765957, 1.0384615384615385, 4.7]","[0, 0, 5.85989010989011, 1.6730769230769231, 1.6041666666666667, 5.515151515151515]","[0, 0, 0.0, 0.8571428571428571, 5.0, 0.7777777777777778]","[0, 1, 8.4, 2.2, 0.8181818181818182, 1.1538461538461537]","[0, 0, 0, 0, 0, 0]","[0, 0, 5.29700272479564, 1.4059945504087195, 4.043478260869565, 5.097222222222222]","[0, 0, 4.324435318275154, 1.2566735112936345, 3.606060606060606, 6.243589743589744]","[0, 1, 5.538461538461538, 1.3076923076923077, 1.3333333333333333, 0.6842105263157895]","[0, 0, 5.88268156424581, 1.7094972067039107, 3.0, 1.325925925925926]","[0, 0, 0, 0, 0, 0]","[0, 0, 3.976744186046512, 1.4186046511627908, 2.6666666666666665, 2.6875]","[0, 1, 4.164893617021277, 1.4361702127659575, 3.0, 1.2533333333333332]","[1, 0, 8.129032258064516, 1.7741935483870968, 2.0, 3.875]","[0, 0, 0, 0, 0, 0]","[0, 0, 6.877358490566038, 2.0094339622641506, 0.7619047619047619, 1.8596491228070178]","[0, 1, 5.0625, 1.2375, 3.857142857142857, 1.26984126984127]"
137,2017-09-21,20170921LGSS0,"[0, 1, 4.935483870967742, 1.8064516129032258, 1.1363636363636365, 1.1071428571428572]","[0, 0, 6.517241379310345, 1.5517241379310345, 5.0, 1.380952380952381]","[0, 0, 9.682758620689656, 1.9241379310344826, 1.08, 2.013888888888889]","[0, 1, 4.309859154929577, 1.2816901408450705, 2.5526315789473686, 1.1451612903225807]","[0, 0, 4.354838709677419, 1.3548387096774193, 0.75, 1.0333333333333334]","[0, 0, 7.985915492957746, 1.816901408450704, 1.5, 3.380952380952381]","[0, 0, 8.4375, 2.15625, 0.8, 2.6666666666666665]","[0, 0, 0, 0, 0, 0]","[0, 0, 0, 0, 0, 0]","[0, 0, 0, 0, 0, 0]","[0, 0, 0, 0, 0, 0]","[0, 0, 0, 0, 0, 0]","[0, 1, 7.383673469387755, 1.8734693877551019, 1.5869565217391304, 2.041666666666667]","[0, 0, 5.815384615384616, 1.9153846153846152, 1.15625, 1.0833333333333335]","[0, 0, 7.9411764705882355, 2.735294117647059, 0.8461538461538461, 1.2592592592592593]","[0, 0, 7.105263157894736, 2.1578947368421053, 1.1111111111111112, 2.375]","[0, 0, 6.319148936170213, 1.8936170212765957, 1.0384615384615385, 4.7]","[0, 0, 5.85989010989011, 1.6730769230769231, 1.6041666666666667, 5.515151515151515]","[0, 0, 0.0, 0.8571428571428571, 5.0, 0.7777777777777778]","[0, 0, 8.4, 2.2, 0.8181818181818182, 1.1538461538461537]","[0, 0, 0, 0, 0, 0]","[0, 0, 5.29700272479564, 1.4059945504087195, 4.043478260869565, 5.097222222222222]","[1, 0, 4.3841584158415845, 1.2534653465346535, 3.5142857142857142, 6.234567901234568]","[0, 0, 5.538461538461538, 1.3076923076923077, 1.3333333333333333, 0.6842105263157895]","[0, 0, 5.88268156424581, 1.7094972067039107, 3.0, 1.325925925925926]","[0, 0, 0, 0, 0, 0]","[0, 0, 3.976744186046512, 1.4186046511627908, 2.6666666666666665, 2.6875]","[0, 0, 4.164893617021277, 1.4361702127659575, 3.0, 1.2533333333333332]","[0, 0, 8.129032258064516, 1.7741935483870968, 2.0, 3.875]","[0, 0, 0, 0, 0, 0]","[0, 0, 6.877358490566038, 2.0094339622641506, 0.7619047619047619, 1.8596491228070178]","[0, 0, 5.0625, 1.2375, 3.857142857142857, 1.26984126984127]"
138,2017-09-22,20170922LGSS0,"[0, 0, 4.935483870967742, 1.8064516129032258, 1.1363636363636365, 1.1071428571428572]","[0, 0, 6.517241379310345, 1.5517241379310345, 5.0, 1.380952380952381]","[0, 0, 9.682758620689656, 1.9241379310344826, 1.08, 2.013888888888889]","[0, 0, 4.309859154929577, 1.2816901408450705, 2.5526315789473686, 1.1451612903225807]","[0, 0, 4.354838709677419, 1.3548387096774193, 0.75, 1.0333333333333334]","[0, 0, 7.985915492957746, 1.816901408450704, 1.5, 3.380952380952381]","[0, 0, 8.4375, 2.15625, 0.8, 2.6666666666666665]","[0, 0, 0, 0, 0, 0]","[0, 0, 0, 0, 0, 0]","[0, 0, 0, 0, 0, 0]","[0, 0, 0, 0, 0, 0]","[0, 0, 0, 0, 0, 0]","[0, 0, 7.383673469387755, 1.8734693877551019, 1.5869565217391304, 2.041666666666667]","[0, 0, 5.815384615384616, 1.9153846153846152, 1.15625, 1.0833333333333335]","[0, 1, 7.297297297297297, 2.5945945945945943, 0.9230769230769231, 1.2333333333333334]","[0, 1, 6.75, 2.2, 0.9523809523809523, 2.2222222222222223]","[0, 0, 6.319148936170213, 1.8936170212765957, 1.0384615384615385, 4.7]","[0, 0, 5.85989010989011, 1.6730769230769231, 1.6041666666666667, 5.515151515151515]","[0, 0, 0.0, 0.8571428571428571, 5.0, 0.7777777777777778]","[0, 1, 8.836363636363636, 2.1272727272727274, 1.0833333333333333, 1.3095238095238095]","[0, 0, 0, 0, 0, 0]","[0, 0, 5.29700272479564, 1.4059945504087195, 4.043478260869565, 5.097222222222222]","[0, 0, 4.3841584158415845, 1.2534653465346535, 3.5142857142857142, 6.234567901234568]","[0, 1, 9.878048780487804, 1.7560975609756098, 1.0833333333333333, 0.6833333333333333]","[0, 1, 5.7142857142857135, 1.6984126984126984, 3.25, 1.3695652173913044]","[0, 0, 0, 0, 0, 0]","[1, 0, 3.8571428571428568, 1.4065934065934067, 2.59375, 2.757575757575758]","[0, 1, 4.2408376963350785, 1.4764397905759163, 3.0, 1.2483660130718954]","[0, 0, 8.129032258064516, 1.7741935483870968, 2.0, 3.875]","[0, 0, 0, 0, 0, 0]","[0, 0, 6.877358490566038, 2.0094339622641506, 0.7619047619047619, 1.8596491228070178]","[0, 0, 5.0625, 1.2375, 3.857142857142857, 1.26984126984127]"
139,2017-09-23,20170923SSHH0,"[0, 0, 4.935483870967742, 1.8064516129032258, 1.1363636363636365, 1.1071428571428572]","[0, 0, 6.517241379310345, 1.5517241379310345, 5.0, 1.380952380952381]","[0, 0, 9.682758620689656, 1.9241379310344826, 1.08, 2.013888888888889]","[0, 1, 4.269767441860465, 1.283720930232558, 2.5384615384615383, 1.1375661375661377]","[0, 0, 4.354838709677419, 1.3548387096774193, 0.75, 1.0333333333333334]","[1, 0, 9.227848101265822, 2.0506329113924053, 1.1875, 3.2916666666666665]","[0, 0, 8.4375, 2.15625, 0.8, 2.6666666666666665]","[0, 0, 0, 0, 0, 0]","[0, 0, 0, 0, 0, 0]","[0, 0, 0, 0, 0, 0]","[0, 0, 0, 0, 0, 0]","[0, 0, 0, 0, 0, 0]","[0, 1, 7.422310756972111, 1.8525896414342629, 1.574468085106383, 2.0406504065040654]","[0, 0, 5.815384615384616, 1.9153846153846152, 1.15625, 1.0833333333333335]","[0, 0, 7.297297297297297, 2.5945945945945943, 0.9230769230769231, 1.2333333333333334]","[0, 0, 6.75, 2.2, 0.9523809523809523, 2.2222222222222223]","[0, 0, 6.319148936170213, 1.8936170212765957, 1.0384615384615385, 4.7]","[0, 0, 5.85989010989011, 1.6730769230769231, 1.6041666666666667, 5.515151515151515]","[0, 0, 0.0, 0.8571428571428571, 5.0, 0.7777777777777778]","[0, 0, 8.836363636363636, 2.1272727272727274, 1.0833333333333333, 1.3095238095238095]","[0, 0, 0, 0, 0, 0]","[0, 0, 5.29700272479564, 1.4059945504087195, 4.043478260869565, 5.097222222222222]","[0, 0, 4.3841584158415845, 1.2534653465346535, 3.5142857142857142, 6.234567901234568]","[0, 1, 9.418604651162791, 1.744186046511628, 1.0, 0.6825396825396826]","[0, 1, 5.826315789473684, 1.7052631578947368, 3.25, 1.3475177304964538]","[0, 0, 0, 0, 0, 0]","[0, 0, 3.8571428571428568, 1.4065934065934067, 2.59375, 2.757575757575758]","[0, 1, 4.523560209424084, 1.5235602094240839, 3.0, 1.2243589743589742]","[0, 0, 8.129032258064516, 1.7741935483870968, 2.0, 3.875]","[0, 0, 0, 0, 0, 0]","[0, 0, 6.877358490566038, 2.0094339622641506, 0.7619047619047619, 1.8596491228070178]","[0, 0, 5.0625, 1.2375, 3.857142857142857, 1.26984126984127]"
140,2017-09-27,20170927NCSS0,"[0, 1, 5.170212765957447, 1.8510638297872342, 1.1363636363636365, 1.0804597701149425]","[0, 0, 6.517241379310345, 1.5517241379310345, 5.0, 1.380952380952381]","[0, 0, 9.682758620689656, 1.9241379310344826, 1.08, 2.013888888888889]","[0, 0, 4.269767441860465, 1.283720930232558, 2.5384615384615383, 1.1375661375661377]","[0, 0, 4.354838709677419, 1.3548387096774193, 0.75, 1.0333333333333334]","[0, 0, 9.227848101265822, 2.0506329113924053, 1.1875, 3.2916666666666665]","[0, 0, 8.4375, 2.15625, 0.8, 2.6666666666666665]","[0, 0, 0, 0, 0, 0]","[0, 0, 0, 0, 0, 0]","[0, 0, 0, 0, 0, 0]","[0, 0, 0, 0, 0, 0]","[0, 0, 0, 0, 0, 0]","[0, 0, 7.422310756972111, 1.8525896414342629, 1.574468085106383, 2.0406504065040654]","[0, 0, 5.815384615384616, 1.9153846153846152, 1.15625, 1.0833333333333335]","[0, 1, 7.615384615384615, 2.6923076923076925, 1.0, 1.1818181818181819]","[0, 0, 6.75, 2.2, 0.9523809523809523, 2.2222222222222223]","[0, 0, 6.319148936170213, 1.8936170212765957, 1.0384615384615385, 4.7]","[1, 0, 6.269129287598944, 1.7097625329815305, 1.62, 5.492753623188405]","[0, 0, 0.0, 0.8571428571428571, 5.0, 0.7777777777777778]","[0, 1, 8.379310344827587, 2.1724137931034484, 1.0, 1.2888888888888888]","[0, 0, 0, 0, 0, 0]","[0, 1, 5.271767810026385, 1.4010554089709764, 4.173913043478261, 5.053333333333333]","[0, 0, 4.3841584158415845, 1.2534653465346535, 3.5142857142857142, 6.234567901234568]","[0, 1, 9.204545454545453, 1.7045454545454546, 1.0, 0.6666666666666666]","[0, 0, 5.826315789473684, 1.7052631578947368, 3.25, 1.3475177304964538]","[0, 0, 0, 0, 0, 0]","[0, 0, 3.8571428571428568, 1.4065934065934067, 2.59375, 2.757575757575758]","[0, 0, 4.523560209424084, 1.5235602094240839, 3.0, 1.2243589743589742]","[0, 0, 8.129032258064516, 1.7741935483870968, 2.0, 3.875]","[0, 0, 0, 0, 0, 0]","[0, 0, 6.877358490566038, 2.0094339622641506, 0.7619047619047619, 1.8596491228070178]","[0, 1, 5.134969325153374, 1.2515337423312882, 3.9285714285714284, 1.2635658914728682]"
141,2017-09-30,20170930SSLG0,"[0, 0, 5.170212765957447, 1.8510638297872342, 1.1363636363636365, 1.0804597701149425]","[0, 0, 6.517241379310345, 1.5517241379310345, 5.0, 1.380952380952381]","[0, 0, 9.682758620689656, 1.9241379310344826, 1.08, 2.013888888888889]","[0, 1, 4.191780821917808, 1.3013698630136987, 2.4390243902439024, 1.140625]","[0, 0, 4.354838709677419, 1.3548387096774193, 0.75, 1.0333333333333334]","[0, 1, 8.59090909090909, 2.0795454545454546, 1.3888888888888888, 3.259259259259259]","[0, 0, 8.4375, 2.15625, 0.8, 2.6666666666666665]","[0, 0, 0, 0, 0, 0]","[0, 0, 0, 0, 0, 0]","[0, 0, 0, 0, 0, 0]","[0, 0, 0, 0, 0, 0]","[0, 0, 0, 0, 0, 0]","[0, 0, 7.422310756972111, 1.8525896414342629, 1.574468085106383, 2.0406504065040654]","[0, 0, 5.815384615384616, 1.9153846153846152, 1.15625, 1.0833333333333335]","[0, 0, 7.615384615384615, 2.6923076923076925, 1.0, 1.1818181818181819]","[1, 0, 6.428571428571428, 2.0952380952380953, 1.0, 2.1]","[0, 0, 6.319148936170213, 1.8936170212765957, 1.0384615384615385, 4.7]","[0, 0, 6.269129287598944, 1.7097625329815305, 1.62, 5.492753623188405]","[0, 0, 0.0, 0.8571428571428571, 5.0, 0.7777777777777778]","[0, 1, 7.967213114754098, 2.1639344262295084, 1.0, 1.2708333333333333]","[0, 0, 0, 0, 0, 0]","[0, 0, 5.271767810026385, 1.4010554089709764, 4.173913043478261, 5.053333333333333]","[0, 0, 4.3841584158415845, 1.2534653465346535, 3.5142857142857142, 6.234567901234568]","[0, 1, 9.6, 1.8, 1.0, 0.6521739130434783]","[0, 0, 5.826315789473684, 1.7052631578947368, 3.25, 1.3475177304964538]","[0, 0, 0, 0, 0, 0]","[0, 0, 3.8571428571428568, 1.4065934065934067, 2.59375, 2.757575757575758]","[0, 1, 4.545918367346939, 1.5306122448979593, 2.9615384615384617, 1.2327044025157232]","[0, 0, 8.129032258064516, 1.7741935483870968, 2.0, 3.875]","[0, 0, 0, 0, 0, 0]","[0, 0, 6.877358490566038, 2.0094339622641506, 0.7619047619047619, 1.8596491228070178]","[0, 0, 5.134969325153374, 1.2515337423312882, 3.9285714285714284, 1.2635658914728682]"
142,2017-10-01,20171001SSLG0,"[0, 0, 5.170212765957447, 1.8510638297872342, 1.1363636363636365, 1.0804597701149425]","[0, 0, 6.517241379310345, 1.5517241379310345, 5.0, 1.380952380952381]","[0, 0, 9.682758620689656, 1.9241379310344826, 1.08, 2.013888888888889]","[0, 0, 4.191780821917808, 1.3013698630136987, 2.4390243902439024, 1.140625]","[0, 0, 4.354838709677419, 1.3548387096774193, 0.75, 1.0333333333333334]","[0, 0, 8.59090909090909, 2.0795454545454546, 1.3888888888888888, 3.259259259259259]","[0, 0, 8.4375, 2.15625, 0.8, 2.6666666666666665]","[0, 0, 0, 0, 0, 0]","[0, 0, 0, 0, 0, 0]","[0, 0, 0, 0, 0, 0]","[0, 0, 0, 0, 0, 0]","[0, 0, 0, 0, 0, 0]","[0, 0, 7.422310756972111, 1.8525896414342629, 1.574468085106383, 2.0406504065040654]","[0, 0, 5.815384615384616, 1.9153846153846152, 1.15625, 1.0833333333333335]","[0, 0, 7.615384615384615, 2.6923076923076925, 1.0, 1.1818181818181819]","[0, 0, 6.428571428571428, 2.0952380952380953, 1.0, 2.1]","[0, 0, 6.319148936170213, 1.8936170212765957, 1.0384615384615385, 4.7]","[0, 0, 6.269129287598944, 1.7097625329815305, 1.62, 5.492753623188405]","[0, 0, 0.0, 0.8571428571428571, 5.0, 0.7777777777777778]","[0, 0, 7.967213114754098, 2.1639344262295084, 1.0, 1.2708333333333333]","[0, 0, 0, 0, 0, 0]","[1, 0, 5.244094488188976, 1.4015748031496063, 4.173913043478261, 4.884615384615385]","[0, 0, 4.3841584158415845, 1.2534653465346535, 3.5142857142857142, 6.234567901234568]","[0, 0, 9.6, 1.8, 1.0, 0.6521739130434783]","[0, 1, 5.698492462311558, 1.6733668341708543, 3.1176470588235294, 1.3819444444444444]","[0, 0, 0, 0, 0, 0]","[0, 0, 3.8571428571428568, 1.4065934065934067, 2.59375, 2.757575757575758]","[0, 1, 4.545918367346939, 1.545918367346939, 2.9615384615384617, 1.2098765432098764]","[0, 0, 8.129032258064516, 1.7741935483870968, 2.0, 3.875]","[0, 0, 0, 0, 0, 0]","[0, 0, 6.877358490566038, 2.0094339622641506, 0.7619047619047619, 1.8596491228070178]","[0, 1, 5.236363636363636, 1.290909090909091, 3.9285714285714284, 1.25]"
143,2017-10-03,20171003WOSS0,"[0, 0, 5.170212765957447, 1.8510638297872342, 1.1363636363636365, 1.0804597701149425]","[0, 0, 6.517241379310345, 1.5517241379310345, 5.0, 1.380952380952381]","[0, 0, 9.682758620689656, 1.9241379310344826, 1.08, 2.013888888888889]","[0, 1, 4.237668161434978, 1.3183856502242153, 2.372093023255814, 1.1435897435897435]","[0, 0, 4.354838709677419, 1.3548387096774193, 0.75, 1.0333333333333334]","[0, 0, 8.59090909090909, 2.0795454545454546, 1.3888888888888888, 3.259259259259259]","[0, 0, 8.4375, 2.15625, 0.8, 2.6666666666666665]","[0, 0, 0, 0, 0, 0]","[0, 0, 0, 0, 0, 0]","[0, 0, 0, 0, 0, 0]","[0, 0, 0, 0, 0, 0]","[0, 0, 0, 0, 0, 0]","[0, 0, 7.422310756972111, 1.8525896414342629, 1.574468085106383, 2.0406504065040654]","[0, 0, 5.815384615384616, 1.9153846153846152, 1.15625, 1.0833333333333335]","[0, 0, 7.615384615384615, 2.6923076923076925, 1.0, 1.1818181818181819]","[0, 0, 6.428571428571428, 2.0952380952380953, 1.0, 2.1]","[0, 0, 6.319148936170213, 1.8936170212765957, 1.0384615384615385, 4.7]","[0, 1, 6.304568527918782, 1.7055837563451774, 1.6470588235294117, 5.472222222222222]","[0, 0, 0.0, 0.8571428571428571, 5.0, 0.7777777777777778]","[0, 0, 7.967213114754098, 2.1639344262295084, 1.0, 1.2708333333333333]","[0, 0, 0, 0, 0, 0]","[0, 0, 5.244094488188976, 1.4015748031496063, 4.173913043478261, 4.884615384615385]","[0, 0, 4.3841584158415845, 1.2534653465346535, 3.5142857142857142, 6.234567901234568]","[0, 0, 9.6, 1.8, 1.0, 0.6521739130434783]","[0, 0, 5.698492462311558, 1.6733668341708543, 3.1176470588235294, 1.3819444444444444]","[0, 0, 0, 0, 0, 0]","[1, 0, 4.017301038062284, 1.4013840830449829, 2.6176470588235294, 2.833333333333333]","[0, 1, 4.477386934673366, 1.5527638190954776, 3.0384615384615383, 1.206060606060606]","[0, 0, 8.129032258064516, 1.7741935483870968, 2.0, 3.875]","[0, 0, 0, 0, 0, 0]","[0, 0, 6.877358490566038, 2.0094339622641506, 0.7619047619047619, 1.8596491228070178]","[0, 0, 5.236363636363636, 1.290909090909091, 3.9285714285714284, 1.25]"
